0.025873681530356407
0.02532842755317688
0.024751557037234306
0.024814695119857788
0.024426089599728584
0.024248789995908737
0.024212993681430817
0.024275412783026695
0.024317476898431778
0.02416934445500374
0.024060022085905075
0.02406897582113743
0.02411964349448681
0.024020759388804436
0.024000026285648346
0.023660890758037567
0.023839648813009262
0.023990409448742867
0.023718561977148056
0.024004245176911354
0.024033615365624428
0.02401648834347725
0.024075977504253387
0.02404450811445713
0.023855431005358696
0.023679982870817184
0.023479077965021133
0.023727742955088615
0.023629767820239067
0.023639321327209473
0.023667771369218826
0.023493165150284767
0.023458832874894142
0.02339603565633297
0.023332318291068077
0.02317861281335354
0.023219818249344826
0.023317476734519005
0.02349315956234932
0.02376456744968891
0.023615432903170586
0.023568911477923393
0.02355019561946392
0.02386419288814068
0.023982184007763863
0.024208135902881622
0.024344434961676598
0.02434440143406391
0.02439860999584198
0.02445133775472641
0.02436160109937191
0.024383068084716797
0.02434960938990116
0.024208132177591324
0.024332871660590172
0.02437770552933216
0.024633783847093582
0.024604124948382378
0.0244708601385355
0.0244780033826828
0.02452591247856617
0.02445455826818943
0.024728748947381973
0.024824505671858788
0.024683209136128426
0.025007786229252815
0.02482421323657036
0.025001874193549156
0.025003669783473015
0.025402430444955826
0.025272324681282043
0.025312641635537148
0.025475412607192993
0.025317782536149025
0.025244638323783875
0.025236476212739944
0.025322875007987022
0.025197872892022133
0.024962956085801125
0.024940449744462967
0.02525145933032036
0.025544412434101105
0.02574882283806801
0.025505216792225838
0.025162290781736374
0.025419296696782112
0.025597041472792625
0.02546713687479496
0.025729112327098846
0.02552182972431183
0.025327565148472786
0.025259030982851982
0.02512035332620144
0.025096673518419266
0.02514110505580902
0.025385815650224686
0.02534574083983898
0.025322193279862404
0.025561580434441566
0.025618942454457283
0.02535751275718212
0.025426702573895454
0.025762485340237617
0.0258617103099823
0.025325916707515717
0.025825954973697662
0.025401273742318153
0.02578476071357727
0.02599705010652542
0.026006300002336502
0.02636377327144146
0.02709246054291725
0.027079904451966286
0.027324650436639786
0.027201438322663307
0.027522357180714607
0.027340946719050407
0.02744370698928833
0.027538901194930077
0.027474600821733475
0.027619801461696625
0.02724909409880638
0.027833638712763786
0.02838589996099472
0.02834489196538925
0.02808116190135479
0.028406336903572083
0.029155202209949493
0.02926137112081051
0.02927842177450657
0.029709894210100174
0.030332673341035843
0.030447641387581825
0.031010448932647705
0.03121781535446644
0.031159017235040665
0.031417470425367355
0.03129814192652702
0.03183143585920334
0.03224438801407814
0.03204694762825966
0.032361142337322235
0.032604705542325974
0.0330083966255188
0.033588748425245285
0.03312842920422554
0.03305055946111679
0.03359721973538399
0.03369294852018356
0.03421158716082573
0.033660538494586945
0.03445237874984741
0.03482731804251671
0.034810904413461685
0.035307932645082474
0.03515663743019104
0.03589557856321335
0.03611385449767113
0.035379793494939804
0.03584793210029602
0.03571784123778343
0.03648116812109947
0.03567428141832352
0.035498421639204025
0.03531918302178383
0.03485913574695587
0.035022053867578506
0.03498849272727966
0.03503077104687691
0.034856244921684265
0.03484555333852768
0.03498288244009018
0.03476870805025101
0.03496113792061806
0.03477104753255844
0.03524794429540634
0.03523901104927063
0.03559420257806778
0.034754928201436996
0.03460795059800148
0.03464827686548233
0.035411935299634933
0.03496300056576729
0.03509855642914772
0.03517601266503334
0.035561688244342804
0.03526633605360985
0.03472081199288368
0.034665320068597794
0.03410036489367485
0.03475146368145943
0.03416817635297775
0.03382159024477005
0.03366313502192497
0.03378862515091896
0.034276582300662994
0.03402132913470268
0.03414132818579674
0.033844951540231705
0.033399976789951324
0.033541686832904816
0.03337761014699936
0.03310846909880638
0.034080032259225845
0.03345031663775444
0.03333444520831108
0.033671166747808456
0.03399858996272087
0.03395099565386772
0.03487329185009003
0.033816803246736526
0.03298250585794449
0.03254685550928116
0.032076749950647354
0.03330681473016739
0.03474933281540871
