0.049999979972651515
0.049999978641526596
0.04999997754734457
0.04999998111680804
0.049999979886972405
0.049999979328735136
0.049999976704862184
0.04999997903945424
0.04999997635650954
0.049999978565628427
0.049999979272145986
0.0499999812649264
0.049999979530219965
0.04999997764864725
0.04999998035710376
0.04999997990543512
0.049999981994795155
0.0499999826331526
0.049999979528392274
0.049999980847854175
0.04999998000783812
0.049999977011749526
0.04999997836866106
0.04999998021915466
0.049999977894616195
0.04999997782708964
0.04999998800004017
0.049999981812585324
0.04999998380022071
0.049999983923095244
0.049999987488686615
0.049999980997871916
0.049999985511768714
0.049999985665297536
0.049999985206100786
0.049999981128043505
0.04999998256980594
0.049999985822953744
0.04999998569912045
0.04999998813546246
0.049999983789830026
0.049999989689632894
0.04999998755792697
0.04999998840223111
0.04999998725418745
0.049999983164880746
0.0499999851230914
0.0499999856127664
0.04999999017747338
0.04999998819815533
0.049999987669206776
0.04999998524666946
0.04999998784190218
0.04999998614629229
0.049999979469110015
0.04999998952618416
0.0499999893539762
0.04999998744606769
0.0499999902030077
0.049999989401796306
0.04999999017707898
0.04999998497013085
0.049999987944966025
0.049999988627364364
0.049999990216646785
0.04999999111851301
0.04999999100971826
0.04999998542867194
0.0499999876097982
0.04999999099584256
0.049999990076651735
0.04999999286366274
0.04999998938421566
0.04999999109363814
0.04999998906539584
0.04999999010284553
0.04999999548989914
0.049999986323491376
0.04999999090266424
0.04999999125634686
0.04999999485002503
0.04999998904769215
0.04999999151004251
0.04999999473618895
0.049999993776472774
0.049999986840346095
0.049999992154599424
0.04999998785513298
0.04999998896452458
0.04999999446744438
0.04999999302403946
0.0499999875660045
0.049999988794087805
0.04999998938011092
0.04999998698871744
0.04999998998136426
0.049999988629391055
0.049999986763727244
0.04999999152987243
0.049999987236499614
0.04999998665314118
0.04999999139345341
0.04999998538624649
0.049999992412625746
0.049999988900026826
0.04999999128154055
0.04999999310804076
0.04999999469517433
0.049999987684659235
0.049999990883476834
0.049999990292931555
0.04999998686450754
0.04999999228159164
0.04999999683560168
0.049999989275958126
0.0499999959274656
0.04999999047812233
0.04999999052623535
0.049999991654003324
0.04999999556909684
0.049999995928335456
0.04999998883770571
0.049999988933103895
0.049999990792311474
0.049999992497042435
0.049999992340703105
0.04999999249926613
0.049999988216935555
0.04999998791493646
0.049999994875681714
0.04999999054708697
0.049999992198075584
0.04999999098897782
0.049999995577179365
0.04999998772391993
0.04999999116087858
0.04999998905105307
0.049999991004207454
0.04999999721583512
0.04999998938282196
0.049999992384722074
0.049999989056205785
0.049999992015449655
0.049999991816243365
0.04999999095768731
0.049999985401056816
0.04999999502718583
0.04999999022376284
0.04999999084471775
0.049999993801896035
0.0499999896911794
0.04999999551939952
0.049999991011288214
0.04999999407632531
0.04999998839910005
0.049999992084722916
0.04999999252891741
0.04999999538271829
0.04999999294149089
0.04999999019431745
0.04999998436314465
0.04999999155952632
0.04999998707221416
0.04999999176248957
0.04999998502622183
0.05000000017604002
0.04999998836270851
0.049999986451500826
0.04999998405631342
0.04999999134999045
0.04999999335866949
0.04999998831219571
0.049999991019598976
0.049999990480778626
0.049999988429918686
0.04999999047909094
0.0499999870016238
0.049999984987548346
0.049999986452841545
0.04999999054157973
0.04999999082457566
0.04999999024624363
0.04999998719109644
0.04999998463261264
0.04999998911328975
0.049999986095352736
0.04999998536970673
0.04999998893625435
0.04999998952858537
0.04999998980539449
0.04999998469500322
0.04999999069768912
0.04999998672699769
0.049999982299682534
0.04999999022558598
0.049999988834986915
0.04999999174875626
0.04999998817215157
0.04999997936348892
0.04999998497101857
0.04999998490492687
0.04999998412346016
0.04999999093292447
0.04999998461538537
0.049999980584714214
0.049999985579677525
0.04999998940828253
0.049999988224142616
0.04999998066843663
0.04999998203209515
0.04999998003976825
0.04999998671246706
0.04999998533069208
0.04999998247556067
0.049999984451748476
0.04999998668285087
0.04999997982792551
