1.0354692935943604
1.0327332019805908
1.0394175052642822
1.0363560914993286
1.0410863161087036
1.0400454998016357
1.0460211038589478
1.0485851764678955
1.04271399974823
1.052477240562439
1.0516293048858643
1.0426926612854004
1.0526076555252075
1.0523326396942139
1.0605518817901611
1.0622541904449463
1.0650490522384644
1.0589146614074707
1.0750377178192139
1.0703474283218384
1.0646624565124512
1.0838215351104736
1.07058584690094
1.0708134174346924
1.09864342212677
1.084795594215393
1.0801551342010498
1.083001732826233
1.1028400659561157
1.079838514328003
1.0885460376739502
1.1005456447601318
1.0718388557434082
1.1117322444915771
1.0810059309005737
1.0962518453598022
1.1222423315048218
1.115627646446228
1.126425862312317
1.1092664003372192
1.1292098760604858
1.1157606840133667
1.1210052967071533
1.1371122598648071
1.1242111921310425
1.1247023344039917
1.1448019742965698
1.138352870941162
1.1658660173416138
1.1528512239456177
1.1504218578338623
1.1714881658554077
1.1649740934371948
1.1939300298690796
1.1908643245697021
1.1879981756210327
1.1883840560913086
1.1821955442428589
1.2061375379562378
1.2202779054641724
1.213372826576233
1.2187376022338867
1.2334494590759277
1.2462137937545776
1.2677496671676636
1.2559316158294678
1.2633349895477295
1.2637183666229248
1.2826368808746338
1.3003466129302979
1.3242381811141968
1.3024232387542725
1.3449909687042236
1.384663701057434
1.366074562072754
1.3624180555343628
1.4115527868270874
1.3958138227462769
1.38848078250885
1.4508106708526611
1.4425342082977295
1.456544041633606
1.466475486755371
1.4446674585342407
1.4975367784500122
1.515171766281128
1.4910662174224854
1.571053147315979
1.5586256980895996
1.6832571029663086
1.6046949625015259
1.7314434051513672
1.6935722827911377
1.6309411525726318
1.8641765117645264
1.6898046731948853
1.589755654335022
2.057422161102295
1.8377033472061157
1.9025427103042603
2.0046889781951904
1.9416775703430176
2.133302688598633
2.0187907218933105
2.163604497909546
1.9954122304916382
2.066864013671875
2.0054142475128174
2.0932724475860596
1.9596956968307495
2.323899984359741
2.3507583141326904
2.4703171253204346
2.5310027599334717
2.209472894668579
2.2688841819763184
2.4399220943450928
2.186339855194092
2.5375282764434814
2.5456087589263916
2.550858736038208
2.4885544776916504
2.4820797443389893
2.5555057525634766
3.0069944858551025
2.857675313949585
2.700890064239502
2.9287452697753906
3.2605433464050293
2.9433677196502686
2.9270598888397217
3.540957450866699
3.4071905612945557
2.881441354751587
3.536771059036255
3.3514442443847656
2.928666830062866
3.215590238571167
3.0660884380340576
3.6327226161956787
3.404449462890625
3.491570472717285
3.3524956703186035
3.0230958461761475
3.5955469608306885
3.840341329574585
3.193711519241333
3.86218523979187
3.8371760845184326
3.279590368270874
3.7401931285858154
3.1599347591400146
4.051097869873047
3.7034976482391357
3.624938488006592
4.118229866027832
3.6743178367614746
4.2310309410095215
4.205113887786865
3.4452643394470215
3.791208028793335
3.834357738494873
4.3369975090026855
3.2747642993927
3.3884894847869873
3.313399076461792
3.2490601539611816
3.5378353595733643
3.326814889907837
3.6534831523895264
3.18612003326416
3.3777098655700684
3.351378917694092
3.0061330795288086
3.4929606914520264
3.196725368499756
3.3592824935913086
2.9381227493286133
3.2750608921051025
2.6123929023742676
2.7662289142608643
2.697844982147217
3.130800247192383
2.6659152507781982
2.8282737731933594
2.7581593990325928
2.597848653793335
2.4921622276306152
2.3743200302124023
2.387133836746216
2.25984525680542
2.5855166912078857
2.1319010257720947
2.100435733795166
2.2369062900543213
2.179075002670288
2.1229653358459473
1.9053789377212524
2.037806272506714
1.8549518585205078
1.7556524276733398
1.8147574663162231
1.9455358982086182
1.6555078029632568
1.9060204029083252
1.4366223812103271
1.4863260984420776
1.675533652305603
1.5937498807907104
1.4242911338806152
1.5515773296356201
1.3188670873641968
1.2803667783737183
1.2653449773788452
1.2298603057861328
1.6019104719161987
1.4850486516952515
