0.011657056105907447
0.010512195492547867
0.011367742687339923
0.010519893189756383
0.010639459359109123
0.00973541924352991
0.010550389004756555
0.01079419790095044
0.010415735454981312
0.010164955467847165
0.010414135575381933
0.010168076394831374
0.009983860522858103
0.010192623207688574
0.010188026990931746
0.01017621480653602
0.009678519851459276
0.010008665437132157
0.010050217855410389
0.00955431131116562
0.009856754844823764
0.00948618398607153
0.009556385179411665
0.008909455216644185
0.009567928607923751
0.009267642634237799
0.00845311210303264
0.00874110089977356
0.009035681834689026
0.00819012593791667
0.008621692151625462
0.008591317882868895
0.007873880229891163
0.008522322584891114
0.007819844905325765
0.007829137460315865
0.008056771933502677
0.007582639750743199
0.0080381057613858
0.007654394079757732
0.007337225594997906
0.0074368157230105
0.00723894277545146
0.007406127120341808
0.007166011556692248
0.00737238203048555
0.007349771407967229
0.00736231469676637
0.006934095893039978
0.007147640565423373
0.007316108224858911
0.0067918857032489635
0.006437523461468142
0.006671246931705413
0.006617330838562615
0.006531822075621516
0.006458498785487196
0.006385408321823291
0.006357344655194632
0.006190176173043975
0.006153717380111855
0.006003471781909032
0.006193378071714857
0.006156481852044454
0.006165018422523025
0.005856494243385118
0.005999591374242531
0.0060898814441373884
0.005813198536285938
0.005892619509674877
0.0058451722082506034
0.005648392914098353
0.005900810928410296
0.005709353147793294
0.00594151289358222
0.005679593940840253
0.005600765623840447
0.005625164014233304
0.004992264248294282
0.005435811181946575
0.0058574001495365815
0.005328278563636376
0.005390043021922411
0.005125296571538528
0.005293153879195753
0.005407143496337188
0.005213260545439245
0.005438702522649181
0.005245322392811625
0.006041950624972647
0.005047137443738331
0.00524568091608189
0.005196790710549766
0.004750757659582879
0.006037928081368285
0.004749176120219316
0.004371774537996483
0.006213305525034966
0.005158542286041512
0.005385925523765996
0.005250781272557842
0.005141334571757463
0.005589130662664421
0.005304888171928899
0.005770940038717332
0.004574376829804022
0.005385705216856747
0.004512084702117419
0.0055066767872437115
0.004490229075032444
0.005789154431242871
0.005917379895599401
0.006497780400640585
0.006157177259040062
0.005087003049752386
0.005208151930611566
0.005851861431460997
0.004919490499006649
0.005938289029574674
0.005546762334283589
0.005220287635590308
0.00511035150827111
0.005264812405298391
0.00554620868587935
0.006872603160630859
0.005276952977335565
0.00559991414666363
0.006134369860831473
0.007232596185613227
0.006238447174507155
0.0054669298123857495
0.007696106044930345
0.006679626582010859
0.005964768315396158
0.007487496634615625
0.00702261775270605
0.005882800009464732
0.006109904322669935
0.006014821576240956
0.007486193474644335
0.006607368639093036
0.0074610280770460065
0.006728813105138351
0.0061087721491622955
0.007392247983717393
0.00820707099320185
0.005818684152936883
0.007404610351736455
0.007818218075827174
0.006481208569042158
0.008025189864622155
0.0063500711688607644
0.008442471692732925
0.007838395523206407
0.006211939840915013
0.008504295224454865
0.008603925641502143
0.0084400863794507
0.0072180625007345865
0.007043238627402864
0.008070149848480196
0.00805650088173301
0.009283436232645204
0.006795860553905365
0.007726815352789887
0.007378688401841558
0.00881021095105823
0.008901219788227874
0.00849524586292527
0.007666689415808682
0.008408656657986504
0.007565559261732179
0.008970951923688034
0.008358207639379082
0.006806373084351032
0.009250267657899014
0.008993548297630763
0.008319837226852877
0.008590171128624252
0.007727942547069258
0.008570728695976365
0.007266830859169467
0.009821737192196145
0.008805838029090005
0.00927150179417686
0.009691039899776455
0.008341437575335127
0.008397697570799745
0.0066163323513244825
0.008658061257619415
0.007508224257684099
0.009062587760974983
0.007204979775831099
0.007729825068585232
0.0064332918295093786
0.009307848081511536
0.008088785771505486
0.007407663160969566
0.00900245228421146
0.010231649295447526
0.006492398815871157
0.01032399266861817
0.010536722876194378
0.009239990389452746
0.012003954042577297
0.009263173130508045
0.014454522962216035
0.009878377349840187
0.01378525710232522
0.011991726454444428
0.008957490752495578
0.009484226281046728
0.011195669361655166
0.010584039721737252
0.015546598746729996
0.015346148718479821
