0.05205061659216881
0.050186771899461746
0.049087800085544586
0.04906676709651947
0.04848186671733856
0.0480918288230896
0.04793507605791092
0.048228900879621506
0.048550840467214584
0.048147235065698624
0.04785097762942314
0.047805581241846085
0.048171110451221466
0.04823845252394676
0.04836070165038109
0.04759014770388603
0.04821926727890968
0.04922543838620186
0.04865474998950958
0.04980546236038208
0.05055342987179756
0.05062566697597504
0.05076472461223602
0.05107365921139717
0.05070913955569267
0.050297562032938004
0.04968278110027313
0.05037705972790718
0.05021926388144493
0.04994150251150131
0.05005919933319092
0.049313709139823914
0.048985183238983154
0.04842637851834297
0.04778085649013519
0.0474223755300045
0.047275345772504807
0.04788089543581009
0.0479966476559639
0.04865354672074318
0.047758929431438446
0.04646770656108856
0.04593315348029137
0.04619203880429268
0.04662567749619484
0.047605130821466446
0.04837583750486374
0.04787246882915497
0.04782204329967499
0.04762745648622513
0.046628013253211975
0.04613306745886803
0.04589645937085152
0.04590547829866409
0.046948619186878204
0.046946581453084946
0.04784107208251953
0.04923396185040474
0.04934503510594368
0.04958849027752876
0.04972989112138748
0.051036156713962555
0.05307376757264137
0.055633772164583206
0.05542636662721634
0.056335825473070145
0.05770716443657875
0.058093708008527756
0.060496848076581955
0.06289057433605194
0.06177614629268646
0.06458473205566406
0.06877730041742325
0.06955889612436295
0.06850293278694153
0.06858651340007782
0.06925319135189056
0.06655550003051758
0.06612052768468857
0.06649018824100494
0.06645128130912781
0.06696166098117828
0.06617192178964615
0.06670988351106644
0.06610770523548126
0.06527620553970337
0.06752175837755203
0.0670347586274147
0.0694173201918602
0.0696888417005539
0.07042329758405685
0.07024623453617096
0.06965282559394836
0.07198436558246613
0.07299772650003433
0.07165731489658356
0.07278183847665787
0.07250864058732986
0.07415449619293213
0.07197386026382446
0.07091455161571503
0.07220815867185593
0.07359430938959122
0.07526494562625885
0.0742703452706337
0.07449915260076523
0.07232486456632614
0.0723646730184555
0.07166220992803574
0.07874096184968948
0.08262696117162704
0.08673478662967682
0.08724246174097061
0.08397898823022842
0.08429725468158722
0.08733069896697998
0.09086252748966217
0.09150116890668869
0.0910567119717598
0.09056165814399719
0.08979857712984085
0.08807788044214249
0.0853322446346283
0.08428049087524414
0.07924750447273254
0.0765596255660057
0.0753697082400322
0.07344543933868408
0.06867984682321548
0.06634217500686646
0.06506826728582382
0.06424640119075775
0.0625881478190422
0.06189270317554474
0.05783887207508087
0.05628110095858574
0.05496244132518768
0.052351273596286774
0.052858177572488785
0.054378408938646317
0.054871201515197754
0.05142883211374283
0.046440280973911285
0.044133059680461884
0.04155582934617996
0.03858046233654022
0.03677522763609886
0.035515472292900085
0.03912866860628128
0.04096193611621857
0.042851418256759644
0.04482124373316765
0.04817742109298706
0.05083085969090462
0.05356571450829506
0.052946578711271286
0.045413028448820114
0.042484115809202194
0.043695107102394104
0.041242796927690506
0.03956621512770653
0.04078230634331703
0.04808337241411209
0.04865485802292824
0.050512563437223434
0.05154590681195259
0.05452070012688637
0.0515914149582386
0.054864149540662766
0.051628101617097855
0.0502166785299778
0.04724745452404022
0.046007610857486725
0.045124299824237823
0.043863750994205475
0.04533732682466507
0.04582486301660538
0.04623790085315704
0.04320906475186348
0.04493110254406929
0.04249361902475357
0.04420313239097595
0.04110916331410408
0.04726538062095642
0.04661659523844719
0.042788274586200714
0.03982919454574585
0.037486352026462555
0.03901778161525726
0.04280009865760803
0.046951644122600555
0.04751110449433327
0.04611698165535927
0.04455111548304558
0.04366360604763031
0.047189489006996155
0.04335577413439751
0.039914462715387344
0.03975839167833328
0.04214996099472046
0.04438526928424835
0.04273054003715515
0.04854878783226013
0.044179849326610565
0.04575389251112938
0.042914342135190964
0.04012767970561981
0.038766007870435715
0.03997107595205307
0.041992273181676865
0.039650775492191315
0.039175622165203094
0.038194701075553894
0.03702239319682121
0.03929534927010536
0.03730278089642525
0.03837927430868149
0.04041457548737526
0.04153865948319435
0.04162192344665527
0.04756518825888634
0.04989131540060043
0.041986674070358276
0.04150865226984024
0.041678767651319504
0.044303737580776215
0.04560524970293045
0.0534379668533802
0.05179278925061226
0.046620216220617294
0.04217484965920448
0.04082011431455612
0.04783006012439728
0.04300737380981445
0.03774219751358032
0.03558369725942612
0.033874787390232086
0.032332174479961395
0.03417462483048439
0.032494641840457916
0.03149241954088211
0.02944019064307213
0.03348894417285919
0.043202850967645645
0.04436296224594116
0.04419400170445442
0.03618149086833
0.030013544484972954
0.029575329273939133
0.029342632740736008
0.034649744629859924
0.042049095034599304
0.04585279896855354
0.042623091489076614
0.0359298437833786
0.031216777861118317
0.04123792424798012
0.03880925104022026
0.04372182488441467
0.04004684090614319
0.03427072614431381
0.03431934863328934
0.03600747138261795
0.036900680512189865
0.03812846913933754
0.03777150437235832
0.04089096933603287
0.040821511298418045
0.035902924835681915
0.03479534760117531
0.033788327127695084
0.026545066386461258
0.026709958910942078
0.031819332391023636
0.035255316644907
0.03704939782619476
0.039812490344047546
0.035164471715688705
0.02445872314274311
0.02186344936490059
0.024954017251729965
0.024359142407774925
0.02188102714717388
0.02219344489276409
0.019817877560853958
0.02784627117216587
0.031268998980522156
0.027849512174725533
0.027266860008239746
0.022894300520420074
0.023431938141584396
0.020715434104204178
0.022211570292711258
0.02501050941646099
0.027609316632151604
0.025660859420895576
0.0204167403280735
0.02105841413140297
0.026434224098920822
0.023808082565665245
0.020314877852797508
0.02170063741505146
0.021794183179736137
0.023009255528450012
0.022288089618086815
0.018933461979031563
0.01767478883266449
0.020775267854332924
0.0216821301728487
0.023763958364725113
0.02759208343923092
0.021349387243390083
0.01730923168361187
0.015634790062904358
0.017325395718216896
0.022941749542951584
0.025187978520989418
0.021308358758687973
0.017584694549441338
0.015933288261294365
0.021521901711821556
0.021080078557133675
0.016551241278648376
0.014412054792046547
0.013735145330429077
0.019271930679678917
0.02144399844110012
0.025407282635569572
0.023436417803168297
0.020360875874757767
0.023483803495764732
0.020167332142591476
0.017723584547638893
0.023224100470542908
0.025427425280213356
0.022051120176911354
0.021506568416953087
0.025217682123184204
0.02381989173591137
0.022757405415177345
0.021114027127623558
0.01940864510834217
0.017538996413350105
0.013766461052000523
0.019938375800848007
0.02813337929546833
0.0320071317255497
0.031113246455788612
0.032117489725351334
0.028438031673431396
0.02264149859547615
0.02214965969324112
0.023098094388842583
0.027853477746248245
0.03491923213005066
0.03539988026022911
0.0234932042658329
0.01249074935913086
0.020872224122285843
0.02189299836754799
0.025459200143814087
0.027661610394716263
0.029501888900995255
0.025757698342204094
0.018062938004732132
0.027020752429962158
0.02401716262102127
0.022581500932574272
0.021943848580121994
0.01966872811317444
0.02192152477800846
0.017331287264823914
0.017987946048378944
0.019017264246940613
0.023690586909651756
0.023507937788963318
0.021372569724917412
0.025461968034505844
0.03159000352025032
0.03267637640237808
0.033395614475011826
0.028201453387737274
0.023550445213913918
0.018199171870946884
0.020755495876073837
0.021861039102077484
0.02747299335896969
0.03112412616610527
0.033193305134773254
0.028610508888959885
0.023966947570443153
0.017779039219021797
0.018294062465429306
0.017609702423214912
0.014809359796345234
0.01327825803309679
0.014627446420490742
0.020679259672760963
0.021110139787197113
0.021801438182592392
0.019934354349970818
0.017950914800167084
0.01737510971724987
0.015269302763044834
0.018108194693922997
0.016498994082212448
0.015324804000556469
0.014194813556969166
0.014935135841369629
0.01847761869430542
0.017458532005548477
0.023099126294255257
0.02378738671541214
0.02124946005642414
0.021351387724280357
0.026535216718912125
0.02309926226735115
0.020420793443918228
0.017337165772914886
0.017695842310786247
0.020459119230508804
0.02165398932993412
0.018735568970441818
0.01716272346675396
0.01851995289325714
0.020581917837262154
0.02218138985335827
0.01861553266644478
0.014119011349976063
0.013768341392278671
0.017616722732782364
0.01998707465827465
0.023313067853450775
0.018775733187794685
0.014095800928771496
0.012127790600061417
0.01650078222155571
0.016561681404709816
0.01314769871532917
0.013648435473442078
0.018626771867275238
0.02234404720366001
0.021464290097355843
0.015388337895274162
0.011189188808202744
0.013438669964671135
0.01353700365871191
0.010365939699113369
0.01675775647163391
0.018318001180887222
0.02335336245596409
0.02292214147746563
0.025978004559874535
0.03345878794789314
0.031828831881284714
0.03221637383103371
0.030032938346266747
0.025294803082942963
0.02097799815237522
0.023103799670934677
0.02032649517059326
0.018563374876976013
0.018889186903834343
0.02361617051064968
0.02082456834614277
0.015888331457972527
0.014465403743088245
0.01758725382387638
0.020176034420728683
0.023027734830975533
0.018555138260126114
0.01715860143303871
0.02002778835594654
0.0206410214304924
0.018037034198641777
0.017304271459579468
0.018653754144906998
0.016384094953536987
0.01622547022998333
0.018226515501737595
0.022000888362526894
0.027482684701681137
0.02777796797454357
0.02299734763801098
0.01881372556090355
0.01642347127199173
0.019611062481999397
0.020809851586818695
0.02499491348862648
0.029698096215724945
0.027434369549155235
0.023832354694604874
0.01700739935040474
0.016661999747157097
0.018478484824299812
0.01731231063604355
0.017325662076473236
0.01615089736878872
0.02006589062511921
0.021300839260220528
0.01759645901620388
0.014720053412020206
0.016644058749079704
0.01918189227581024
0.01698393188416958
0.017671262845396996
0.017735594883561134
0.017934247851371765
0.016166862100362778
0.020255757495760918
0.024037059396505356
0.029819700866937637
0.030738776549696922
0.02479127049446106
0.01927693746984005
0.01754816621541977
0.021123861894011497
0.019274376332759857
0.013980853371322155
0.01284321304410696
0.011501660570502281
0.012917489744722843
0.01896858587861061
0.017230309545993805
0.01723472960293293
0.02049296349287033
0.018039297312498093
0.019238147884607315
0.018617143854498863
0.022851403802633286
0.018707256764173508
0.014112605713307858
0.017276545986533165
0.018078261986374855
0.015324045903980732
0.012850223109126091
0.018693797290325165
0.02018742635846138
0.02632118947803974
0.022877434268593788
0.014467025175690651
0.015150164254009724
0.021566420793533325
0.020232684910297394
0.020637430250644684
0.018458599224686623
0.019575677812099457
0.019498541951179504
0.021742645651102066
0.020131614059209824
0.021527864038944244
0.020521393045783043
0.016112133860588074
0.01674131117761135
0.014220760203897953
0.013373362831771374
0.01339182909578085
0.018959784880280495
0.01358642429113388
0.014770075678825378
0.013918502256274223
0.018371079117059708
0.023595115169882774
0.025491617619991302
0.01843441091477871
0.01557548251003027
0.015617684461176395
0.016204288229346275
0.016108937561511993
0.01638234779238701
0.018666338175535202
0.016379421576857567
0.018083523958921432
0.01495388150215149
0.01040188129991293
0.011416120454668999
0.01659362018108368
0.017106134444475174
0.014625314623117447
0.01762775518000126
0.02051183208823204
0.016988739371299744
0.01743278093636036
0.021344978362321854
0.0236835777759552
0.02707613818347454
0.03052583523094654
0.022821666672825813
0.01521911658346653
0.014071005396544933
0.01575302891433239
0.019817985594272614
0.022557640448212624
0.02369912527501583
0.01807313971221447
0.017507679760456085
0.01775255613029003
0.019830143079161644
0.024685142561793327
0.023347890004515648
0.02010837383568287
0.01889023184776306
0.020610913634300232
0.022087058052420616
0.019104009494185448
0.011782701127231121
0.014655395410954952
0.012651471421122551
0.014818995259702206
0.018114544451236725
0.019231846556067467
0.024186763912439346
0.03019009158015251
0.0276945848017931
0.020960424095392227
0.023512035608291626
0.02226118929684162
0.018693070858716965
0.01780097186565399
0.015219445340335369
0.015003053471446037
0.02017669379711151
0.01693590357899666
0.01439847145229578
0.014667614363133907
0.05205061659216881
0.050186771899461746
0.049087800085544586
0.04906676709651947
0.04848186671733856
0.0480918288230896
0.04793507605791092
0.048228900879621506
0.048550840467214584
0.048147235065698624
0.04785097762942314
0.047805581241846085
0.048171110451221466
0.04823845252394676
0.04836070165038109
0.04759014770388603
0.04821926727890968
0.04922543838620186
0.04865474998950958
0.04980546236038208
0.05055342987179756
0.05062566697597504
0.05076472461223602
0.05107365921139717
0.05070913955569267
0.050297562032938004
0.04968278110027313
0.05037705972790718
0.05021926388144493
0.04994150251150131
0.05005919933319092
0.049313709139823914
0.048985183238983154
0.04842637851834297
0.04778085649013519
0.0474223755300045
0.047275345772504807
0.04788089543581009
0.0479966476559639
0.04865354672074318
0.047758929431438446
0.04646770656108856
0.04593315348029137
0.04619203880429268
0.04662567749619484
0.047605130821466446
0.04837583750486374
0.04787246882915497
0.04782204329967499
0.04762745648622513
0.046628013253211975
0.04613306745886803
0.04589645937085152
0.04590547829866409
0.046948619186878204
0.046946581453084946
0.04784107208251953
0.04923396185040474
0.04934503510594368
0.04958849027752876
0.04972989112138748
0.051036156713962555
0.05307376757264137
0.055633772164583206
0.05542636662721634
0.056335825473070145
0.05770716443657875
0.058093708008527756
0.060496848076581955
0.06289057433605194
0.06177614629268646
0.06458473205566406
0.06877730041742325
0.06955889612436295
0.06850293278694153
0.06858651340007782
0.06925319135189056
0.06655550003051758
0.06612052768468857
0.06649018824100494
0.06645128130912781
0.06696166098117828
0.06617192178964615
0.06670988351106644
0.06610770523548126
0.06527620553970337
0.06752175837755203
0.0670347586274147
0.0694173201918602
0.0696888417005539
0.07042329758405685
0.07024623453617096
0.06965282559394836
0.07198436558246613
0.07299772650003433
0.07165731489658356
0.07278183847665787
0.07250864058732986
0.07415449619293213
0.07197386026382446
0.07091455161571503
0.07220815867185593
0.07359430938959122
0.07526494562625885
0.0742703452706337
0.07449915260076523
0.07232486456632614
0.0723646730184555
0.07166220992803574
0.07874096184968948
0.08262696117162704
0.08673478662967682
0.08724246174097061
0.08397898823022842
0.08429725468158722
0.08733069896697998
0.09086252748966217
0.09150116890668869
0.0910567119717598
0.09056165814399719
0.08979857712984085
0.08807788044214249
0.0853322446346283
0.08428049087524414
0.07924750447273254
0.0765596255660057
0.0753697082400322
0.07344543933868408
0.06867984682321548
0.06634217500686646
0.06506826728582382
0.06424640119075775
0.0625881478190422
0.06189270317554474
0.05783887207508087
0.05628110095858574
0.05496244132518768
0.052351273596286774
0.052858177572488785
0.054378408938646317
0.054871201515197754
0.05142883211374283
0.046440280973911285
0.044133059680461884
0.04155582934617996
0.03858046233654022
0.03677522763609886
0.035515472292900085
0.03912866860628128
0.04096193611621857
0.042851418256759644
0.04482124373316765
0.04817742109298706
0.05083085969090462
0.05356571450829506
0.052946578711271286
0.045413028448820114
0.042484115809202194
0.043695107102394104
0.041242796927690506
0.03956621512770653
0.04078230634331703
0.04808337241411209
0.04865485802292824
0.050512563437223434
0.05154590681195259
0.05452070012688637
0.0515914149582386
0.054864149540662766
0.051628101617097855
0.0502166785299778
0.04724745452404022
0.046007610857486725
0.045124299824237823
0.043863750994205475
0.04533732682466507
0.04582486301660538
0.04623790085315704
0.04320906475186348
0.04493110254406929
0.04249361902475357
0.04420313239097595
0.04110916331410408
0.04726538062095642
0.04661659523844719
0.042788274586200714
0.03982919454574585
0.037486352026462555
0.03901778161525726
0.04280009865760803
0.046951644122600555
0.04751110449433327
0.04611698165535927
0.04455111548304558
0.04366360604763031
0.047189489006996155
0.04335577413439751
0.039914462715387344
0.03975839167833328
0.04214996099472046
0.04438526928424835
0.04273054003715515
0.04854878783226013
0.044179849326610565
0.04575389251112938
0.042914342135190964
0.04012767970561981
0.038766007870435715
0.03997107595205307
0.041992273181676865
0.039650775492191315
0.039175622165203094
0.038194701075553894
0.03702239319682121
0.03929534927010536
0.03730278089642525
0.03837927430868149
0.04041457548737526
0.04153865948319435
0.04162192344665527
0.04756518825888634
0.04989131540060043
0.041986674070358276
0.04150865226984024
0.041678767651319504
0.044303737580776215
0.04560524970293045
0.0534379668533802
0.05179278925061226
0.046620216220617294
0.04217484965920448
0.04082011431455612
0.04783006012439728
0.04300737380981445
0.03774219751358032
0.03558369725942612
0.033874787390232086
0.032332174479961395
0.03417462483048439
0.032494641840457916
0.03149241954088211
0.02944019064307213
0.03348894417285919
0.043202850967645645
0.04436296224594116
0.04419400170445442
0.03618149086833
0.030013544484972954
0.029575329273939133
0.029342632740736008
0.034649744629859924
0.042049095034599304
0.04585279896855354
0.042623091489076614
0.0359298437833786
0.031216777861118317
0.04123792424798012
0.03880925104022026
0.04372182488441467
0.04004684090614319
0.03427072614431381
0.03431934863328934
0.03600747138261795
0.036900680512189865
0.03812846913933754
0.03777150437235832
0.04089096933603287
0.040821511298418045
0.035902924835681915
0.03479534760117531
0.033788327127695084
0.026545066386461258
0.026709958910942078
0.031819332391023636
0.035255316644907
0.03704939782619476
0.039812490344047546
0.035164471715688705
0.02445872314274311
0.02186344936490059
0.024954017251729965
0.024359142407774925
0.02188102714717388
0.02219344489276409
0.019817877560853958
0.02784627117216587
0.031268998980522156
0.027849512174725533
0.027266860008239746
0.022894300520420074
0.023431938141584396
0.020715434104204178
0.022211570292711258
0.02501050941646099
0.027609316632151604
0.025660859420895576
0.0204167403280735
0.02105841413140297
0.026434224098920822
0.023808082565665245
0.020314877852797508
0.02170063741505146
0.021794183179736137
0.023009255528450012
0.022288089618086815
0.018933461979031563
0.01767478883266449
0.020775267854332924
0.0216821301728487
0.023763958364725113
0.02759208343923092
0.021349387243390083
0.01730923168361187
0.015634790062904358
0.017325395718216896
0.022941749542951584
0.025187978520989418
0.021308358758687973
0.017584694549441338
0.015933288261294365
0.021521901711821556
0.021080078557133675
0.016551241278648376
0.014412054792046547
0.013735145330429077
0.019271930679678917
0.02144399844110012
0.025407282635569572
0.023436417803168297
0.020360875874757767
0.023483803495764732
0.020167332142591476
0.017723584547638893
0.023224100470542908
0.025427425280213356
0.022051120176911354
0.021506568416953087
0.025217682123184204
0.02381989173591137
0.022757405415177345
0.021114027127623558
0.01940864510834217
0.017538996413350105
0.013766461052000523
0.019938375800848007
0.02813337929546833
0.0320071317255497
0.031113246455788612
0.032117489725351334
0.028438031673431396
0.02264149859547615
0.02214965969324112
0.023098094388842583
0.027853477746248245
0.03491923213005066
0.03539988026022911
0.0234932042658329
0.01249074935913086
0.020872224122285843
0.02189299836754799
0.025459200143814087
0.027661610394716263
0.029501888900995255
0.025757698342204094
0.018062938004732132
0.027020752429962158
0.02401716262102127
0.022581500932574272
0.021943848580121994
0.01966872811317444
0.02192152477800846
0.017331287264823914
0.017987946048378944
0.019017264246940613
0.023690586909651756
0.023507937788963318
0.021372569724917412
0.025461968034505844
0.03159000352025032
0.03267637640237808
0.033395614475011826
0.028201453387737274
0.023550445213913918
0.018199171870946884
0.020755495876073837
0.021861039102077484
0.02747299335896969
0.03112412616610527
0.033193305134773254
0.028610508888959885
0.023966947570443153
0.017779039219021797
0.018294062465429306
0.017609702423214912
0.014809359796345234
0.01327825803309679
0.014627446420490742
0.020679259672760963
0.021110139787197113
0.021801438182592392
0.019934354349970818
0.017950914800167084
0.01737510971724987
0.015269302763044834
0.018108194693922997
0.016498994082212448
0.015324804000556469
0.014194813556969166
0.014935135841369629
0.01847761869430542
0.017458532005548477
0.023099126294255257
0.02378738671541214
0.02124946005642414
0.021351387724280357
0.026535216718912125
0.02309926226735115
0.020420793443918228
0.017337165772914886
0.017695842310786247
0.020459119230508804
0.02165398932993412
0.018735568970441818
0.01716272346675396
0.01851995289325714
0.020581917837262154
0.02218138985335827
0.01861553266644478
0.014119011349976063
0.013768341392278671
0.017616722732782364
0.01998707465827465
0.023313067853450775
0.018775733187794685
0.014095800928771496
0.012127790600061417
0.01650078222155571
0.016561681404709816
0.01314769871532917
0.013648435473442078
0.018626771867275238
0.02234404720366001
0.021464290097355843
0.015388337895274162
0.011189188808202744
0.013438669964671135
0.01353700365871191
0.010365939699113369
0.01675775647163391
0.018318001180887222
0.02335336245596409
0.02292214147746563
0.025978004559874535
0.03345878794789314
0.031828831881284714
0.03221637383103371
0.030032938346266747
0.025294803082942963
0.02097799815237522
0.023103799670934677
0.02032649517059326
0.018563374876976013
0.018889186903834343
0.02361617051064968
0.02082456834614277
0.015888331457972527
0.014465403743088245
0.01758725382387638
0.020176034420728683
0.023027734830975533
0.018555138260126114
0.01715860143303871
0.02002778835594654
0.0206410214304924
0.018037034198641777
0.017304271459579468
0.018653754144906998
0.016384094953536987
0.01622547022998333
0.018226515501737595
0.022000888362526894
0.027482684701681137
0.02777796797454357
0.02299734763801098
0.01881372556090355
0.01642347127199173
0.019611062481999397
0.020809851586818695
0.02499491348862648
0.029698096215724945
0.027434369549155235
0.023832354694604874
0.01700739935040474
0.016661999747157097
0.018478484824299812
0.01731231063604355
0.017325662076473236
0.01615089736878872
0.02006589062511921
0.021300839260220528
0.01759645901620388
0.014720053412020206
0.016644058749079704
0.01918189227581024
0.01698393188416958
0.017671262845396996
0.017735594883561134
0.017934247851371765
0.016166862100362778
0.020255757495760918
0.024037059396505356
0.029819700866937637
0.030738776549696922
0.02479127049446106
0.01927693746984005
0.01754816621541977
0.021123861894011497
0.019274376332759857
0.013980853371322155
0.01284321304410696
0.011501660570502281
0.012917489744722843
0.01896858587861061
0.017230309545993805
0.01723472960293293
0.02049296349287033
0.018039297312498093
0.019238147884607315
0.018617143854498863
0.022851403802633286
0.018707256764173508
0.014112605713307858
0.017276545986533165
0.018078261986374855
0.015324045903980732
0.012850223109126091
0.018693797290325165
0.02018742635846138
0.02632118947803974
0.022877434268593788
0.014467025175690651
0.015150164254009724
0.021566420793533325
0.020232684910297394
0.020637430250644684
0.018458599224686623
0.019575677812099457
0.019498541951179504
0.021742645651102066
0.020131614059209824
0.021527864038944244
0.020521393045783043
0.016112133860588074
0.01674131117761135
0.014220760203897953
0.013373362831771374
0.01339182909578085
0.018959784880280495
0.01358642429113388
0.014770075678825378
0.013918502256274223
0.018371079117059708
0.023595115169882774
0.025491617619991302
0.01843441091477871
0.01557548251003027
0.015617684461176395
0.016204288229346275
0.016108937561511993
0.01638234779238701
0.018666338175535202
0.016379421576857567
0.018083523958921432
0.01495388150215149
0.01040188129991293
0.011416120454668999
0.01659362018108368
0.017106134444475174
0.014625314623117447
0.01762775518000126
0.02051183208823204
0.016988739371299744
0.01743278093636036
0.021344978362321854
0.0236835777759552
0.02707613818347454
0.03052583523094654
0.022821666672825813
0.01521911658346653
0.014071005396544933
0.01575302891433239
0.019817985594272614
0.022557640448212624
0.02369912527501583
0.01807313971221447
0.017507679760456085
0.01775255613029003
0.019830143079161644
0.024685142561793327
0.023347890004515648
0.02010837383568287
0.01889023184776306
0.020610913634300232
0.022087058052420616
0.019104009494185448
0.011782701127231121
0.014655395410954952
0.012651471421122551
0.014818995259702206
0.018114544451236725
0.019231846556067467
0.024186763912439346
0.03019009158015251
0.0276945848017931
0.020960424095392227
0.023512035608291626
0.02226118929684162
0.018693070858716965
0.01780097186565399
0.015219445340335369
0.015003053471446037
0.02017669379711151
0.01693590357899666
0.01439847145229578
0.014667614363133907
0.05205061659216881
0.050186771899461746
0.049087800085544586
0.04906676709651947
0.04848186671733856
0.0480918288230896
0.04793507605791092
0.048228900879621506
0.048550840467214584
0.048147235065698624
0.04785097762942314
0.047805581241846085
0.048171110451221466
0.04823845252394676
0.04836070165038109
0.04759014770388603
0.04821926727890968
0.04922543838620186
0.04865474998950958
0.04980546236038208
0.05055342987179756
0.05062566697597504
0.05076472461223602
0.05107365921139717
0.05070913955569267
0.050297562032938004
0.04968278110027313
0.05037705972790718
0.05021926388144493
0.04994150251150131
0.05005919933319092
0.049313709139823914
0.048985183238983154
0.04842637851834297
0.04778085649013519
0.0474223755300045
0.047275345772504807
0.04788089543581009
0.0479966476559639
0.04865354672074318
0.047758929431438446
0.04646770656108856
0.04593315348029137
0.04619203880429268
0.04662567749619484
0.047605130821466446
0.04837583750486374
0.04787246882915497
0.04782204329967499
0.04762745648622513
0.046628013253211975
0.04613306745886803
0.04589645937085152
0.04590547829866409
0.046948619186878204
0.046946581453084946
0.04784107208251953
0.04923396185040474
0.04934503510594368
0.04958849027752876
0.04972989112138748
0.051036156713962555
0.05307376757264137
0.055633772164583206
0.05542636662721634
0.056335825473070145
0.05770716443657875
0.058093708008527756
0.060496848076581955
0.06289057433605194
0.06177614629268646
0.06458473205566406
0.06877730041742325
0.06955889612436295
0.06850293278694153
0.06858651340007782
0.06925319135189056
0.06655550003051758
0.06612052768468857
0.06649018824100494
0.06645128130912781
0.06696166098117828
0.06617192178964615
0.06670988351106644
0.06610770523548126
0.06527620553970337
0.06752175837755203
0.0670347586274147
0.0694173201918602
0.0696888417005539
0.07042329758405685
0.07024623453617096
0.06965282559394836
0.07198436558246613
0.07299772650003433
0.07165731489658356
0.07278183847665787
0.07250864058732986
0.07415449619293213
0.07197386026382446
0.07091455161571503
0.07220815867185593
0.07359430938959122
0.07526494562625885
0.0742703452706337
0.07449915260076523
0.07232486456632614
0.0723646730184555
0.07166220992803574
0.07874096184968948
0.08262696117162704
0.08673478662967682
0.08724246174097061
0.08397898823022842
0.08429725468158722
0.08733069896697998
0.09086252748966217
0.09150116890668869
0.0910567119717598
0.09056165814399719
0.08979857712984085
0.08807788044214249
0.0853322446346283
0.08428049087524414
0.07924750447273254
0.0765596255660057
0.0753697082400322
0.07344543933868408
0.06867984682321548
0.06634217500686646
0.06506826728582382
0.06424640119075775
0.0625881478190422
0.06189270317554474
0.05783887207508087
0.05628110095858574
0.05496244132518768
0.052351273596286774
0.052858177572488785
0.054378408938646317
0.054871201515197754
0.05142883211374283
0.046440280973911285
0.044133059680461884
0.04155582934617996
0.03858046233654022
0.03677522763609886
0.035515472292900085
0.03912866860628128
0.04096193611621857
0.042851418256759644
0.04482124373316765
0.04817742109298706
0.05083085969090462
0.05356571450829506
0.052946578711271286
0.045413028448820114
0.042484115809202194
0.043695107102394104
0.041242796927690506
0.03956621512770653
0.04078230634331703
0.04808337241411209
0.04865485802292824
0.050512563437223434
0.05154590681195259
0.05452070012688637
0.0515914149582386
0.054864149540662766
0.051628101617097855
0.0502166785299778
0.04724745452404022
0.046007610857486725
0.045124299824237823
0.043863750994205475
0.04533732682466507
0.04582486301660538
0.04623790085315704
0.04320906475186348
0.04493110254406929
0.04249361902475357
0.04420313239097595
0.04110916331410408
0.04726538062095642
0.04661659523844719
0.042788274586200714
0.03982919454574585
0.037486352026462555
0.03901778161525726
0.04280009865760803
0.046951644122600555
0.04751110449433327
0.04611698165535927
0.04455111548304558
0.04366360604763031
0.047189489006996155
0.04335577413439751
0.039914462715387344
0.03975839167833328
0.04214996099472046
0.04438526928424835
0.04273054003715515
0.04854878783226013
0.044179849326610565
0.04575389251112938
0.042914342135190964
0.04012767970561981
0.038766007870435715
0.03997107595205307
0.041992273181676865
0.039650775492191315
0.039175622165203094
0.038194701075553894
0.03386404737830162
0.05205061659216881
0.050186771899461746
0.049087800085544586
0.04906676709651947
0.04848186671733856
0.0480918288230896
0.04793507605791092
0.048228900879621506
0.048550840467214584
0.048147235065698624
0.04785097762942314
0.047805581241846085
0.048171110451221466
0.04823845252394676
0.04836070165038109
0.04759014770388603
0.04821926727890968
0.04922543838620186
0.04865474998950958
0.04980546236038208
0.05055342987179756
0.05062566697597504
0.05076472461223602
0.05107365921139717
0.05070913955569267
0.050297562032938004
0.04968278110027313
0.05037705972790718
0.05021926388144493
0.04994150251150131
0.05005919933319092
0.049313709139823914
0.048985183238983154
0.04842637851834297
0.04778085649013519
0.0474223755300045
0.047275345772504807
0.04788089543581009
0.0479966476559639
0.04865354672074318
0.047758929431438446
0.04646770656108856
0.04593315348029137
0.04619203880429268
0.04662567749619484
0.047605130821466446
0.04837583750486374
0.04787246882915497
0.04782204329967499
0.04762745648622513
0.046628013253211975
0.04613306745886803
0.04589645937085152
0.04590547829866409
0.046948619186878204
0.046946581453084946
0.04784107208251953
0.04923396185040474
0.04934503510594368
0.04958849027752876
0.04972989112138748
0.051036156713962555
0.05307376757264137
0.055633772164583206
0.05542636662721634
0.056335825473070145
0.05770716443657875
0.058093708008527756
0.060496848076581955
0.06289057433605194
0.06177614629268646
0.06458473205566406
0.06877730041742325
0.06955889612436295
0.06850293278694153
0.06858651340007782
0.06925319135189056
0.06655550003051758
0.06612052768468857
0.06649018824100494
0.06645128130912781
0.06696166098117828
0.06617192178964615
0.06670988351106644
0.06610770523548126
0.06527620553970337
0.06752175837755203
0.0670347586274147
0.0694173201918602
0.0696888417005539
0.07042329758405685
0.07024623453617096
0.06965282559394836
0.07198436558246613
0.07299772650003433
0.07165731489658356
0.07278183847665787
0.07250864058732986
0.07415449619293213
0.07197386026382446
0.07091455161571503
0.07220815867185593
0.07359430938959122
0.07526494562625885
0.0742703452706337
0.07449915260076523
0.07232486456632614
0.0723646730184555
0.07166220992803574
0.07874096184968948
0.08262696117162704
0.08673478662967682
0.08724246174097061
0.08397898823022842
0.08429725468158722
0.08733069896697998
0.09086252748966217
0.09150116890668869
0.0910567119717598
0.09056165814399719
0.08979857712984085
0.08807788044214249
0.0853322446346283
0.08428049087524414
0.07924750447273254
0.0765596255660057
0.0753697082400322
0.07344543933868408
0.06867984682321548
0.06634217500686646
0.06506826728582382
0.06424640119075775
0.0625881478190422
0.06189270317554474
0.05783887207508087
0.05628110095858574
0.05496244132518768
0.052351273596286774
0.052858177572488785
0.054378408938646317
0.054871201515197754
0.05142883211374283
0.046440280973911285
0.044133059680461884
0.04155582934617996
0.03858046233654022
0.03677522763609886
0.035515472292900085
0.03912866860628128
0.04096193611621857
0.042851418256759644
0.04482124373316765
0.04817742109298706
0.05083085969090462
0.05356571450829506
0.052946578711271286
0.045413028448820114
0.042484115809202194
0.043695107102394104
0.041242796927690506
0.03956621512770653
0.04078230634331703
0.04808337241411209
0.04865485802292824
0.050512563437223434
0.05154590681195259
0.05452070012688637
0.0515914149582386
0.054864149540662766
0.051628101617097855
0.0502166785299778
0.04724745452404022
0.046007610857486725
0.045124299824237823
0.043863750994205475
0.04533732682466507
0.04582486301660538
0.04623790085315704
0.04320906475186348
0.04493110254406929
0.04249361902475357
0.04420313239097595
0.04110916331410408
0.04726538062095642
0.04661659523844719
0.042788274586200714
0.03982919454574585
0.037486352026462555
0.03901778161525726
0.04280009865760803
0.046951644122600555
0.04751110449433327
0.04611698165535927
0.04455111548304558
0.04366360604763031
0.047189489006996155
0.04335577413439751
0.039914462715387344
0.03975839167833328
0.04214996099472046
0.04438526928424835
0.04273054003715515
0.04854878783226013
0.044179849326610565
0.04575389251112938
0.042914342135190964
0.04012767970561981
0.038766007870435715
0.03997107595205307
0.041992273181676865
0.039650775492191315
0.039175622165203094
0.038194701075553894
0.03386404737830162
