0.012157056105907447
0.011012195492547868
0.011867742687339923
0.011019893189756384
0.011139459359109124
0.01023541924352991
0.011050389004756555
0.01129419790095044
0.010915735454981312
0.010664955467847166
0.010914135575381933
0.010668076394831374
0.010483860522858103
0.010692623207688575
0.010688026990931746
0.01067621480653602
0.010178519851459277
0.010508665437132157
0.010550217855410389
0.01005431131116562
0.010356754844823764
0.009986183986071531
0.010056385179411665
0.009409455216644186
0.010067928607923752
0.0097676426342378
0.00895311210303264
0.00924110089977356
0.009535681834689027
0.00869012593791667
0.009121692151625463
0.009091317882868896
0.008373880229891164
0.009022322584891114
0.008319844905325766
0.008329137460315866
0.008556771933502677
0.0080826397507432
0.0085381057613858
0.008154394079757732
0.007837225594997907
0.0079368157230105
0.0077389427754514595
0.007906127120341808
0.007666011556692248
0.00787238203048555
0.00784977140796723
0.00786231469676637
0.007434095893039979
0.007647640565423374
0.007816108224858911
0.007291885703248964
0.006937523461468142
0.0071712469317054125
0.007117330838562615
0.007031822075621516
0.006958498785487197
0.006885408321823291
0.006857344655194632
0.006690176173043975
0.006653717380111854
0.0065034717819090326
0.006693378071714858
0.006656481852044454
0.006665018422523025
0.0063564942433851175
0.006499591374242531
0.006589881444137389
0.006313198536285938
0.0063926195096748765
0.006345172208250604
0.0061483929140983525
0.006400810928410296
0.006209353147793293
0.00644151289358222
0.006179593940840253
0.0061007656238404465
0.006125164014233304
0.005492264248294282
0.005935811181946574
0.006357400149536582
0.005828278563636376
0.00589004302192241
0.0056252965715385276
0.005793153879195752
0.0059071434963371885
0.0057132605454392445
0.0059387025226491814
0.005745322392811625
0.006541950624972647
0.005547137443738331
0.0057456809160818904
0.005696790710549766
0.00525075765958288
0.0065379280813682855
0.005249176120219317
0.004871774537996483
0.006713305525034966
0.005658542286041512
0.005885925523765996
0.005750781272557842
0.005641334571757463
0.0060891306626644215
0.0058048881719288984
0.006270940038717332
0.005074376829804022
0.005885705216856747
0.005012084702117419
0.006006676787243711
0.004990229075032444
0.006289154431242871
0.0064173798955994
0.006997780400640584
0.006657177259040061
0.005587003049752386
0.005708151930611567
0.0063518614314609975
0.005419490499006649
0.006438289029574674
0.0060467623342835885
0.005720287635590309
0.0056103515082711105
0.0057648124052983914
0.00604620868587935
0.007372603160630859
0.005776952977335565
0.006099914146663631
0.006634369860831473
0.0077325961856132275
0.006738447174507155
0.00596692981238575
0.008196106044930346
0.007179626582010859
0.006464768315396158
0.007987496634615626
0.007522617752706051
0.006382800009464731
0.006609904322669936
0.0065148215762409565
0.007986193474644335
0.0071073686390930365
0.007961028077046007
0.007228813105138351
0.006608772149162295
0.007892247983717394
0.00870707099320185
0.006318684152936883
0.007904610351736455
0.008318218075827175
0.006981208569042158
0.008525189864622156
0.006850071168860764
0.008942471692732925
0.008338395523206407
0.006711939840915012
0.009004295224454865
0.009103925641502144
0.0089400863794507
0.007718062500734587
0.007543238627402864
0.008570149848480197
0.008556500881733011
0.009783436232645205
0.007295860553905365
0.008226815352789888
0.007878688401841558
0.00931021095105823
0.009401219788227874
0.00899524586292527
0.008166689415808682
0.008908656657986505
0.00806555926173218
0.009470951923688034
0.008858207639379083
0.007306373084351033
0.009750267657899015
0.009493548297630763
0.008819837226852877
0.009090171128624253
0.008227942547069258
0.009070728695976365
0.007766830859169467
0.010321737192196145
0.009305838029090005
0.00977150179417686
0.010191039899776455
0.008841437575335127
0.008897697570799746
0.007116332351324483
0.009158061257619416
0.0080082242576841
0.009562587760974984
0.0077049797758311
0.008229825068585233
0.006933291829509379
0.009807848081511536
0.008588785771505486
0.007907663160969566
0.00950245228421146
0.010731649295447527
0.006992398815871157
0.01082399266861817
0.011036722876194378
0.009739990389452747
0.012503954042577297
0.009763173130508045
0.014954522962216036
0.010378377349840187
0.01428525710232522
0.012491726454444428
0.009457490752495579
0.009984226281046728
0.011695669361655166
0.011084039721737252
0.016046598746729996
0.01584614871847982
