0.49999980993593246
0.49999976665208967
0.49999979589477017
0.4999998205229461
0.4999998023761189
0.4999997877866061
0.4999997965478076
0.49999978797345623
0.4999998262279199
0.499999741121058
0.4999997946894807
0.4999998574432172
0.4999998043814508
0.4999997674615843
0.49999979578159404
0.4999998788050577
0.4999998315495018
0.49999987089063136
0.49999985798777236
0.4999998281049421
0.49999983325749947
0.49999980464179683
0.4999998008523094
0.49999984731389296
0.49999985589666607
0.49999985573162437
0.499999848263882
0.49999988571075743
0.4999998194676107
0.49999989675214407
0.4999999115102868
0.49999991924259457
0.49999992919988817
0.49999990327021804
0.49999983220409644
0.4999998701141007
0.4999998849109618
0.4999998772782775
0.49999987864340883
0.4999998536709681
0.4999999076873019
0.49999987224491205
0.4999999196689637
0.4999999462224679
0.49999991733206767
0.49999988854524796
0.49999991353989104
0.4999998714714976
0.49999992242851543
0.49999988826997543
0.4999999630659726
0.4999999138153452
0.49999995997808183
0.4999999428640845
0.4999999381689078
0.4999998957707764
0.5000000071746926
0.4999998719510284
0.49999990979859593
0.49999988231125353
0.4999999264814152
0.4999999147555737
0.49999991657253273
0.49999992995659526
0.4999999277677627
0.49999988426850583
0.4999999137793971
0.49999985152987053
0.49999993704680923
0.499999861543496
0.49999996783171474
0.49999997029098403
0.49999987341233104
0.4999998745070116
0.49999991363082213
0.49999988873863693
0.4999999003465919
0.4999998953457805
0.49999986437202354
0.4999998623445592
0.4999998828904291
0.49999989903328956
0.499999894344164
0.4999999307406446
0.49999991913089004
0.499999905796643
0.49999992450321706
0.49999989905546044
0.4999999062650484
0.49999990242291015
0.49999994148176863
0.4999998542782159
0.49999989716449467
0.49999985493978716
0.49999985690071075
0.4999998626104725
0.4999999274878417
0.4999999036613993
0.4999998880706645
0.4999998535654396
0.4999998145886955
0.499999857215549
0.4999998740892121
0.49999988470985673
0.49999988454989974
0.4999998526511271
0.4999998077544187
0.49999980267675165
0.4999998325846512
0.499999888069932
0.4999997599015366
0.4999997986131891
0.4999998082433693
0.49999974315893797
0.4999997053194991
0.49999986860718576
0.4999997894595983
0.4999998993298055
0.49999993929106734
0.4999999352176236
0.4999998686453339
0.4999999195999863
0.49999995487855053
0.4999999249725871
0.49999986509537675
0.49999992546902444
0.4999998375132166
0.49999983040373697
0.49999990212060497
0.4999998283732757
0.4999998586640931
0.4999998431393324
0.4999998644606012
0.4999997361934697
0.499999427910116
0.49999966406494917
0.4999996626608839
0.49999973451359087
0.4999997950773244
0.4999997606410773
0.4999997261465575
0.4999996303828257
0.4999998070758501
0.4999998702075181
0.4999997617970417
0.4999997854174165
0.4999998041925201
0.4999996813459025
0.4999998578784271
0.49999978270462836
0.49999986740803976
0.49999993952069266
0.49999988260826717
0.4999999725907608
0.49999988264712536
0.4999996368245061
0.4999997670395602
0.49999980394421517
0.49999966296568465
0.4999993878049018
0.4999994335580056
0.49999956682765545
0.4999996415085787
0.49999966406158536
0.49999925472690576
0.49999925467024403
0.49999960680354333
0.49999942184181434
0.49999968701359776
0.4999992909874642
0.49999969841811365
0.499999706965205
0.4999996410964476
0.4999995624267866
0.30416045218213117
0.49999938976443037
0.4999998144849017
0.49999942603772424
0.4999995509920735
0.49999968818683627
0.4999997880001907
0.49999982130266557
0.49999972202612003
0.4999997531227655
0.49999907035784735
0.4999991661312649
0.49999938357202406
0.4999996734523984
0.49999942911206197
0.4999997381864302
0.4999994461722152
0.4999990378240431
0.4999995887845364
0.49999945605218743
0.49999967497430775
0.49999919899310025
0.49999950873757343
0.49999964199040015
0.49999962578417845
0.4999996140686364
0.4999994675214305
0.49999949104174846
0.4999997502468782
0.49999909802584375
0.49999965233302296
0.4999995900375694
0.4999996163489379
0.49999968928085753
0.49999955199638413
0.4999994305303372
0.4999993303017706
0.4999996302760527
0.49999952922345786
0.49999968566510244
0.4999994342970811
0.4999992240478565
0.499999667267894
0.49999964083216136
0.4999992587137834
0.4999996851070641
0.4999997219810374
0.4999991059622865
0.3899031141003876
0.49999917434391783
0.4999994541949273
0.4999996056618941
0.4999993608374862
0.499999628748109
0.49999908203591054
0.49999968790869603
0.49999967745349155
0.49999973221492916
0.49999961877445015
0.49999909786969665
0.49999958531551747
0.49999972110592167
0.49999969706138503
0.49999968271356077
0.49999957249559146
0.4999993547403059
0.4999996520476762
0.4999995625171254
0.49999974902906386
0.4999994042060107
0.4999992547582811
0.49999940732800263
0.49999946142639595
0.4999995069504093
0.49999976278545755
0.49999941673758497
0.4999996066123087
0.49999940096942747
0.49999954106216127
0.4999994311174514
0.4999995038542565
0.49999977219112307
0.4999997346207429
0.49999958319027216
0.4999995542858602
0.4999992992874772
0.4999996607049957
0.4999997586365377
0.4999996357512986
0.4999993985755157
0.4999991412117676
0.499999589004311
0.4999998398541935
0.499999878761882
0.4999994015231839
0.4999995745113926
0.49999945678884256
0.49999966729280215
0.49999974298132016
0.49999963888843085
0.4999993647288817
0.49999973337099235
0.4999995621309825
0.4999993816637495
0.49999954570611577
0.4999996268201348
0.4999996977147274
0.48548691882837136
0.4999995077889357
0.4999995821678513
0.49999950665094706
0.4999996651859714
0.4999992171362156
0.499999513682171
0.49999969977568
0.4999994253101531
0.49999961710927276
0.49999945463826545
0.4999993031925979
0.4999995585680055
0.49999931212253157
0.49999951767227685
0.4999996748000404
0.49999965169617616
0.4999997931182472
0.4999997315710318
0.4999995780382187
0.49999941060533537
0.49999963119113844
0.4999997033798258
0.49999974133584096
0.4999991106733942
0.49999980358318497
0.4999997756664979
0.49999965629964926
0.499999657516175
0.4999996749656343
0.4999990431983547
0.4999995777579638
0.4999995766649174
0.499999818526636
0.4999996558088485
0.4999994218654467
0.49999946905835246
0.49999972423252254
0.499999727398913
0.4999995639767751
0.49999970470503086
0.4999993331964765
0.4999997302655128
0.499999556075217
0.4999996666690822
0.49999928407366284
0.49999945989892935
0.39408120623430254
0.4999996222671627
0.4999993733851654
0.4999995323878706
0.499999318976734
0.4999995969052783
0.4999992865376966
0.4999995501073492
0.4999997114269434
0.49999969375301845
0.4999994676379599
0.49999951499271056
0.4999994896275061
0.499999390438681
0.49999980772500274
0.49999976374565747
0.49999974457917157
0.4999993465620246
0.49999934800357076
0.4999994958475997
0.24794646660320835
0.4999994646307688
0.49999939606318405
0.49999953523607027
0.49999922438606087
0.4999995824807725
0.49999942493455907
0.4999994544341299
0.4999993797730682
0.4999996050528347
0.49999941654416974
0.35615810881253435
0.4999994680531069
0.4999997784267794
0.4999996896768768
0.49999935198384116
0.34647357428473813
0.4999996015958567
0.49999935194282585
0.4999997227275066
0.4999996288161764
0.49999924456526834
0.49999954774282857
0.49999955757530656
0.49999951069362675
0.49999948921732007
0.49999937410385453
0.49999962048468477
0.3978581221976237
0.49999961054338327
0.4999990514363535
0.4999993557716642
0.49999907530504273
0.49999898720833363
0.49999947664399536
0.49999949004482164
0.49999961090194
0.4999992935164573
0.49999923014462605
0.4999994509970135
0.49999911161719673
0.4999995657315026
0.49999977685445235
0.4999996161854576
0.4999993843381899
0.499999360238729
0.49999977398170076
0.49999984382507306
0.4999996953103226
0.49999980057435256
0.4999993672692812
0.49999909109709284
0.49687789385672704
0.4999994675960939
0.49999972478872556
0.4999994206570294
0.49999946738758866
0.499999167489131
0.49999964945259806
0.49999966555490905
0.49999978361384656
0.34714452457779527
0.49999922338238906
0.499999600449415
0.49999903978341853
0.4999996103685777
0.4999994524785839
0.49999964549744796
0.499999569278717
0.49977800449969434
0.49999947400140676
0.49999958090503877
0.49999929623417355
0.4999993080793307
0.4999994793201363
0.49999978699891495
0.4999997759582707
0.4999997533041393
0.49999963146929144
0.4999993628068691
0.49999969256139565
0.4999997221115186
0.4999996607206251
0.49999979180090764
0.4999996545360318
0.49999940016470784
0.49999971624842454
0.4999996854353609
0.4999997034409738
0.4999997341394979
0.49999942538738107
0.4999994759220106
0.3308640763975079
0.499999184508755
0.4999994133802495
0.4999993382364932
0.4999996094885733
0.49999975162016486
0.4999996147923796
0.49999946292425695
0.4999996503394898
0.4999996434601782
0.4999992780003997
0.49999935036822096
0.49999942260800034
0.40679727512858366
0.4999991535460435
0.4999996264259063
0.4999993285301134
0.4999992053295798
0.4999996185672139
0.49999934431691323
0.45511151190667626
0.49999965069896574
0.4999996258250322
0.4999996633672135
0.49999921558825144
0.4999995697589213
0.49999960800370424
0.4999996895586037
0.4999995296485251
0.49999953784877155
0.49999903688185326
0.499999047729487
0.49999929988978975
0.4921963135049083
0.45548383322621994
0.49999928155128265
0.4999992381889121
0.4999991083891378
0.49999946542243484
0.4999995728801001
0.49999970694103735
0.4999994751010478
0.49999928698364154
0.33534503372011637
0.4999995709038362
0.4999991811289624
0.4999997234296108
0.4999995605472922
0.4999994167732584
0.49999959518384524
0.4999992033309073
0.49999944583756734
0.4558641184759495
0.4999996810467307
0.4999993634546411
0.4999993559201989
0.4999991244283037
0.49999914763983844
0.45364227764052834
0.49999917205889655
0.4582331064801903
0.49999950287588935
0.49999919025279704
0.499999143867703
0.4702822409811378
0.49999942465052005
0.4999992742672845
0.3953962454346223
0.499999361888086
0.43759912798185796
0.4999993345950627
0.4999994907007321
0.4999990111660612
0.4305992445315361
0.4999997244169561
0.4999997495725017
0.3777326774806909
0.46703420768053583
0.29713989172349403
0.3561024059668659
0.49999965098620613
0.49999971845652796
0.4999990773103544
0.4891342047967987
0.4999991380257613
0.4674725566044798
0.4999991322473479
0.4999993448882244
0.4999995489905495
0.4830739958793779
0.4999994044558766
0.49999945328013895
0.4999995059408298
0.49999957867087863
0.4999995878203775
0.4638556193507947
0.4999994479647894
0.49999905718371235
0.34708530083332967
0.49999931482580434
0.49999921621241805
0.4999996043710209
0.4999994570270557
0.49999920499037154
0.13259844618105346
0.4999992966967567
0.45687131035324563
0.49999939952168343
0.4999995662594195
0.49999908194180437
0.2379002655499764
0.49999924407277385
0.3104027948721366
0.3538209718785606
0.33778302858566367
0.46025374828594423
0.4999991996839226
0.4999990766229317
0.49999955176307825
0.4999994945562391
0.3736368157874827
0.4999992819372422
0.499999175638453
0.49999953220070226
0.49999939149198863
0.49999916477996564
0.4999991713572352
0.4999989978650021
0.49999907024599954
0.3236236060315704
0.49999945462600576
0.49999944223386933
0.49999964150032816
0.499999429536766
0.499999715829583
0.4999993926851795
0.4999994108643998
0.4999994826582614
0.49999948264280164
0.3906496981010405
0.49999909342756266
0.49999944062586094
0.4999994812754288
0.49999922828510124
0.4999990689512825
0.49999937634577335
0.49999964830777305
0.49999910374994044
0.49999918774801866
0.49999940438428436
0.4999995073977297
0.4999994187682544
0.4999991045101092
0.44379159883127856
0.49999931589655683
0.39337798710400396
0.4734272209159233
0.4999992374941023
0.305128328743535
0.4999991525958381
0.4999993256137447
0.49999971844527685
0.4999995532214533
0.49584563393285647
0.4999993479702
0.49999965750349173
0.4999997782214333
0.49999974480175907
0.4999995741629095
0.4999995053602797
0.3572363966096634
0.49999959572710784
0.4999992414758081
0.4999994419309037
0.4999992002581639
0.4999995604033614
0.4999990488820512
0.4999993320774179
0.3867315460691926
0.4999993567232554
0.49999913551609093
0.49999932991324747
0.4999990440187861
0.4999994329528473
0.4073841749262453
0.36781004027240366
0.49999980993593246
0.49999976665208967
0.49999979589477017
0.4999998205229461
0.4999998023761189
0.4999997877866061
0.4999997965478076
0.49999978797345623
0.4999998262279199
0.499999741121058
0.4999997946894807
0.4999998574432172
0.4999998043814508
0.4999997674615843
0.49999979578159404
0.4999998788050577
0.4999998315495018
0.49999987089063136
0.49999985798777236
0.4999998281049421
0.49999983325749947
0.49999980464179683
0.4999998008523094
0.49999984731389296
0.49999985589666607
0.49999985573162437
0.499999848263882
0.49999988571075743
0.4999998194676107
0.49999989675214407
0.4999999115102868
0.49999991924259457
0.49999992919988817
0.49999990327021804
0.49999983220409644
0.4999998701141007
0.4999998849109618
0.4999998772782775
0.49999987864340883
0.4999998536709681
0.4999999076873019
0.49999987224491205
0.4999999196689637
0.4999999462224679
0.49999991733206767
0.49999988854524796
0.49999991353989104
0.4999998714714976
0.49999992242851543
0.49999988826997543
0.4999999630659726
0.4999999138153452
0.49999995997808183
0.4999999428640845
0.4999999381689078
0.4999998957707764
0.5000000071746926
0.4999998719510284
0.49999990979859593
0.49999988231125353
0.4999999264814152
0.4999999147555737
0.49999991657253273
0.49999992995659526
0.4999999277677627
0.49999988426850583
0.4999999137793971
0.49999985152987053
0.49999993704680923
0.499999861543496
0.49999996783171474
0.49999997029098403
0.49999987341233104
0.4999998745070116
0.49999991363082213
0.49999988873863693
0.4999999003465919
0.4999998953457805
0.49999986437202354
0.4999998623445592
0.4999998828904291
0.49999989903328956
0.499999894344164
0.4999999307406446
0.49999991913089004
0.499999905796643
0.49999992450321706
0.49999989905546044
0.4999999062650484
0.49999990242291015
0.49999994148176863
0.4999998542782159
0.49999989716449467
0.49999985493978716
0.49999985690071075
0.4999998626104725
0.4999999274878417
0.4999999036613993
0.4999998880706645
0.4999998535654396
0.4999998145886955
0.499999857215549
0.4999998740892121
0.49999988470985673
0.49999988454989974
0.4999998526511271
0.4999998077544187
0.49999980267675165
0.4999998325846512
0.499999888069932
0.4999997599015366
0.4999997986131891
0.4999998082433693
0.49999974315893797
0.4999997053194991
0.49999986860718576
0.4999997894595983
0.4999998993298055
0.49999993929106734
0.4999999352176236
0.4999998686453339
0.4999999195999863
0.49999995487855053
0.4999999249725871
0.49999986509537675
0.49999992546902444
0.4999998375132166
0.49999983040373697
0.49999990212060497
0.4999998283732757
0.4999998586640931
0.4999998431393324
0.4999998644606012
0.4999997361934697
0.499999427910116
0.49999966406494917
0.4999996626608839
0.49999973451359087
0.4999997950773244
0.4999997606410773
0.4999997261465575
0.4999996303828257
0.4999998070758501
0.4999998702075181
0.4999997617970417
0.4999997854174165
0.4999998041925201
0.4999996813459025
0.4999998578784271
0.49999978270462836
0.49999986740803976
0.49999993952069266
0.49999988260826717
0.4999999725907608
0.49999988264712536
0.4999996368245061
0.4999997670395602
0.49999980394421517
0.49999966296568465
0.4999993878049018
0.4999994335580056
0.49999956682765545
0.4999996415085787
0.49999966406158536
0.49999925472690576
0.49999925467024403
0.49999960680354333
0.49999942184181434
0.49999968701359776
0.4999992909874642
0.49999969841811365
0.499999706965205
0.4999996410964476
0.4999995624267866
0.30416045218213117
0.49999938976443037
0.4999998144849017
0.49999942603772424
0.4999995509920735
0.49999968818683627
0.4999997880001907
0.49999982130266557
0.49999972202612003
0.4999997531227655
0.49999907035784735
0.4999991661312649
0.49999938357202406
0.4999996734523984
0.49999942911206197
0.4999997381864302
0.4999994461722152
0.4999990378240431
0.4999995887845364
0.49999945605218743
0.49999967497430775
0.49999919899310025
0.49999950873757343
0.49999964199040015
0.49999962578417845
0.4999996140686364
0.4999994675214305
0.49999949104174846
0.4999997502468782
0.49999909802584375
0.49999965233302296
0.4999995900375694
0.4999996163489379
0.49999968928085753
0.49999955199638413
0.4999994305303372
0.4999993303017706
0.4999996302760527
0.49999952922345786
0.49999968566510244
0.4999994342970811
0.4999992240478565
0.499999667267894
0.49999964083216136
0.4999992587137834
0.4999996851070641
0.4999997219810374
0.4999991059622865
0.3899031141003876
0.49999917434391783
0.4999994541949273
0.4999996056618941
0.4999993608374862
0.499999628748109
0.49999908203591054
0.49999968790869603
0.49999967745349155
0.49999973221492916
0.49999961877445015
0.49999909786969665
0.49999958531551747
0.49999972110592167
0.49999969706138503
0.49999968271356077
0.49999957249559146
0.4999993547403059
0.4999996520476762
0.4999995625171254
0.49999974902906386
0.4999994042060107
0.4999992547582811
0.49999940732800263
0.49999946142639595
0.4999995069504093
0.49999976278545755
0.49999941673758497
0.4999996066123087
0.49999940096942747
0.49999954106216127
0.4999994311174514
0.4999995038542565
0.49999977219112307
0.4999997346207429
0.49999958319027216
0.4999995542858602
0.4999992992874772
0.4999996607049957
0.4999997586365377
0.4999996357512986
0.4999993985755157
0.4999991412117676
0.499999589004311
0.4999998398541935
0.499999878761882
0.4999994015231839
0.4999995745113926
0.49999945678884256
0.49999966729280215
0.49999974298132016
0.49999963888843085
0.4999993647288817
0.49999973337099235
0.4999995621309825
0.4999993816637495
0.49999954570611577
0.4999996268201348
0.4999996977147274
0.48548691882837136
0.4999995077889357
0.4999995821678513
0.49999950665094706
0.4999996651859714
0.4999992171362156
0.499999513682171
0.49999969977568
0.4999994253101531
0.49999961710927276
0.49999945463826545
0.4999993031925979
0.4999995585680055
0.49999931212253157
0.49999951767227685
0.4999996748000404
0.49999965169617616
0.4999997931182472
0.4999997315710318
0.4999995780382187
0.49999941060533537
0.49999963119113844
0.4999997033798258
0.49999974133584096
0.4999991106733942
0.49999980358318497
0.4999997756664979
0.49999965629964926
0.499999657516175
0.4999996749656343
0.4999990431983547
0.4999995777579638
0.4999995766649174
0.499999818526636
0.4999996558088485
0.4999994218654467
0.49999946905835246
0.49999972423252254
0.499999727398913
0.4999995639767751
0.49999970470503086
0.4999993331964765
0.4999997302655128
0.499999556075217
0.4999996666690822
0.49999928407366284
0.49999945989892935
0.39408120623430254
0.4999996222671627
0.4999993733851654
0.4999995323878706
0.499999318976734
0.4999995969052783
0.4999992865376966
0.4999995501073492
0.4999997114269434
0.49999969375301845
0.4999994676379599
0.49999951499271056
0.4999994896275061
0.499999390438681
0.49999980772500274
0.49999976374565747
0.49999974457917157
0.4999993465620246
0.49999934800357076
0.4999994958475997
0.24794646660320835
0.4999994646307688
0.49999939606318405
0.49999953523607027
0.49999922438606087
0.4999995824807725
0.49999942493455907
0.4999994544341299
0.4999993797730682
0.4999996050528347
0.49999941654416974
0.35615810881253435
0.4999994680531069
0.4999997784267794
0.4999996896768768
0.49999935198384116
0.34647357428473813
0.4999996015958567
0.49999935194282585
0.4999997227275066
0.4999996288161764
0.49999924456526834
0.49999954774282857
0.49999955757530656
0.49999951069362675
0.49999948921732007
0.49999937410385453
0.49999962048468477
0.3978581221976237
0.49999961054338327
0.4999990514363535
0.4999993557716642
0.49999907530504273
0.49999898720833363
0.49999947664399536
0.49999949004482164
0.49999961090194
0.4999992935164573
0.49999923014462605
0.4999994509970135
0.49999911161719673
0.4999995657315026
0.49999977685445235
0.4999996161854576
0.4999993843381899
0.499999360238729
0.49999977398170076
0.49999984382507306
0.4999996953103226
0.49999980057435256
0.4999993672692812
0.49999909109709284
0.49687789385672704
0.4999994675960939
0.49999972478872556
0.4999994206570294
0.49999946738758866
0.499999167489131
0.49999964945259806
0.49999966555490905
0.49999978361384656
0.34714452457779527
0.49999922338238906
0.499999600449415
0.49999903978341853
0.4999996103685777
0.4999994524785839
0.49999964549744796
0.499999569278717
0.49977800449969434
0.49999947400140676
0.49999958090503877
0.49999929623417355
0.4999993080793307
0.4999994793201363
0.49999978699891495
0.4999997759582707
0.4999997533041393
0.49999963146929144
0.4999993628068691
0.49999969256139565
0.4999997221115186
0.4999996607206251
0.49999979180090764
0.4999996545360318
0.49999940016470784
0.49999971624842454
0.4999996854353609
0.4999997034409738
0.4999997341394979
0.49999942538738107
0.4999994759220106
0.3308640763975079
0.499999184508755
0.4999994133802495
0.4999993382364932
0.4999996094885733
0.49999975162016486
0.4999996147923796
0.49999946292425695
0.4999996503394898
0.4999996434601782
0.4999992780003997
0.49999935036822096
0.49999942260800034
0.40679727512858366
0.4999991535460435
0.4999996264259063
0.4999993285301134
0.4999992053295798
0.4999996185672139
0.49999934431691323
0.45511151190667626
0.49999965069896574
0.4999996258250322
0.4999996633672135
0.49999921558825144
0.4999995697589213
0.49999960800370424
0.4999996895586037
0.4999995296485251
0.49999953784877155
0.49999903688185326
0.499999047729487
0.49999929988978975
0.4921963135049083
0.45548383322621994
0.49999928155128265
0.4999992381889121
0.4999991083891378
0.49999946542243484
0.4999995728801001
0.49999970694103735
0.4999994751010478
0.49999928698364154
0.33534503372011637
0.4999995709038362
0.4999991811289624
0.4999997234296108
0.4999995605472922
0.4999994167732584
0.49999959518384524
0.4999992033309073
0.49999944583756734
0.4558641184759495
0.4999996810467307
0.4999993634546411
0.4999993559201989
0.4999991244283037
0.49999914763983844
0.45364227764052834
0.49999917205889655
0.4582331064801903
0.49999950287588935
0.49999919025279704
0.499999143867703
0.4702822409811378
0.49999942465052005
0.4999992742672845
0.3953962454346223
0.499999361888086
0.43759912798185796
0.4999993345950627
0.4999994907007321
0.4999990111660612
0.4305992445315361
0.4999997244169561
0.4999997495725017
0.3777326774806909
0.46703420768053583
0.29713989172349403
0.3561024059668659
0.49999965098620613
0.49999971845652796
0.4999990773103544
0.4891342047967987
0.4999991380257613
0.4674725566044798
0.4999991322473479
0.4999993448882244
0.4999995489905495
0.4830739958793779
0.4999994044558766
0.49999945328013895
0.4999995059408298
0.49999957867087863
0.4999995878203775
0.4638556193507947
0.4999994479647894
0.49999905718371235
0.34708530083332967
0.49999931482580434
0.49999921621241805
0.4999996043710209
0.4999994570270557
0.49999920499037154
0.13259844618105346
0.4999992966967567
0.45687131035324563
0.49999939952168343
0.4999995662594195
0.49999908194180437
0.2379002655499764
0.49999924407277385
0.3104027948721366
0.3538209718785606
0.33778302858566367
0.46025374828594423
0.4999991996839226
0.4999990766229317
0.49999955176307825
0.4999994945562391
0.3736368157874827
0.4999992819372422
0.499999175638453
0.49999953220070226
0.49999939149198863
0.49999916477996564
0.4999991713572352
0.4999989978650021
0.49999907024599954
0.3236236060315704
0.49999945462600576
0.49999944223386933
0.49999964150032816
0.499999429536766
0.499999715829583
0.4999993926851795
0.4999994108643998
0.4999994826582614
0.49999948264280164
0.3906496981010405
0.49999909342756266
0.49999944062586094
0.4999994812754288
0.49999922828510124
0.4999990689512825
0.49999937634577335
0.49999964830777305
0.49999910374994044
0.49999918774801866
0.49999940438428436
0.4999995073977297
0.4999994187682544
0.4999991045101092
0.44379159883127856
0.49999931589655683
0.39337798710400396
0.4734272209159233
0.4999992374941023
0.305128328743535
0.4999991525958381
0.4999993256137447
0.49999971844527685
0.4999995532214533
0.49584563393285647
0.4999993479702
0.49999965750349173
0.4999997782214333
0.49999974480175907
0.4999995741629095
0.4999995053602797
0.3572363966096634
0.49999959572710784
0.4999992414758081
0.4999994419309037
0.4999992002581639
0.4999995604033614
0.4999990488820512
0.4999993320774179
0.3867315460691926
0.4999993567232554
0.49999913551609093
0.49999932991324747
0.4999990440187861
0.4999994329528473
0.4073841749262453
0.36781004027240366
0.49999980993593246
0.49999976665208967
0.49999979589477017
0.4999998205229461
0.4999998023761189
0.4999997877866061
0.4999997965478076
0.49999978797345623
0.4999998262279199
0.499999741121058
0.4999997946894807
0.4999998574432172
0.4999998043814508
0.4999997674615843
0.49999979578159404
0.4999998788050577
0.4999998315495018
0.49999987089063136
0.49999985798777236
0.4999998281049421
0.49999983325749947
0.49999980464179683
0.4999998008523094
0.49999984731389296
0.49999985589666607
0.49999985573162437
0.499999848263882
0.49999988571075743
0.4999998194676107
0.49999989675214407
0.4999999115102868
0.49999991924259457
0.49999992919988817
0.49999990327021804
0.49999983220409644
0.4999998701141007
0.4999998849109618
0.4999998772782775
0.49999987864340883
0.4999998536709681
0.4999999076873019
0.49999987224491205
0.4999999196689637
0.4999999462224679
0.49999991733206767
0.49999988854524796
0.49999991353989104
0.4999998714714976
0.49999992242851543
0.49999988826997543
0.4999999630659726
0.4999999138153452
0.49999995997808183
0.4999999428640845
0.4999999381689078
0.4999998957707764
0.5000000071746926
0.4999998719510284
0.49999990979859593
0.49999988231125353
0.4999999264814152
0.4999999147555737
0.49999991657253273
0.49999992995659526
0.4999999277677627
0.49999988426850583
0.4999999137793971
0.49999985152987053
0.49999993704680923
0.499999861543496
0.49999996783171474
0.49999997029098403
0.49999987341233104
0.4999998745070116
0.49999991363082213
0.49999988873863693
0.4999999003465919
0.4999998953457805
0.49999986437202354
0.4999998623445592
0.4999998828904291
0.49999989903328956
0.499999894344164
0.4999999307406446
0.49999991913089004
0.499999905796643
0.49999992450321706
0.49999989905546044
0.4999999062650484
0.49999990242291015
0.49999994148176863
0.4999998542782159
0.49999989716449467
0.49999985493978716
0.49999985690071075
0.4999998626104725
0.4999999274878417
0.4999999036613993
0.4999998880706645
0.4999998535654396
0.4999998145886955
0.499999857215549
0.4999998740892121
0.49999988470985673
0.49999988454989974
0.4999998526511271
0.4999998077544187
0.49999980267675165
0.4999998325846512
0.499999888069932
0.4999997599015366
0.4999997986131891
0.4999998082433693
0.49999974315893797
0.4999997053194991
0.49999986860718576
0.4999997894595983
0.4999998993298055
0.49999993929106734
0.4999999352176236
0.4999998686453339
0.4999999195999863
0.49999995487855053
0.4999999249725871
0.49999986509537675
0.49999992546902444
0.4999998375132166
0.49999983040373697
0.49999990212060497
0.4999998283732757
0.4999998586640931
0.4999998431393324
0.4999998644606012
0.4999997361934697
0.499999427910116
0.49999966406494917
0.4999996626608839
0.49999973451359087
0.4999997950773244
0.4999997606410773
0.4999997261465575
0.4999996303828257
0.4999998070758501
0.4999998702075181
0.4999997617970417
0.4999997854174165
0.4999998041925201
0.4999996813459025
0.4999998578784271
0.49999978270462836
0.49999986740803976
0.49999993952069266
0.49999988260826717
0.4999999725907608
0.49999988264712536
0.4999996368245061
0.4999997670395602
0.49999980394421517
0.49999966296568465
0.4999993878049018
0.4999994335580056
0.49999956682765545
0.4999996415085787
0.49999966406158536
0.49999925472690576
0.49999925467024403
0.49999960680354333
0.49999942184181434
0.49999968701359776
0.4999992909874642
0.49999969841811365
0.499999706965205
0.4999996410964476
0.4999995624267866
0.30416045218213117
0.49999938976443037
0.4999998144849017
0.49999942603772424
0.4999995509920735
0.49999968818683627
0.4999997880001907
0.49999982130266557
0.49999972202612003
0.4999997531227655
0.49999907035784735
0.4999991661312649
0.49999938357202406
0.4999996734523984
0.49999942911206197
0.4999997381864302
0.4999994461722152
0.4999990378240431
0.4999995887845364
0.49999945605218743
0.49999967497430775
0.49999919899310025
0.49999950873757343
0.49999964199040015
0.49999962578417845
0.4999996140686364
0.4999994675214305
0.49999949104174846
0.4999997502468782
0.49999909802584375
0.49999965233302296
0.4999995900375694
0.4999996163489379
0.49999968928085753
0.49999955199638413
0.4999994305303372
0.4999993303017706
0.4999996302760527
0.49999952922345786
0.49999968566510244
0.49999973997242086
0.49999980993593246
0.49999976665208967
0.49999979589477017
0.4999998205229461
0.4999998023761189
0.4999997877866061
0.4999997965478076
0.49999978797345623
0.4999998262279199
0.499999741121058
0.4999997946894807
0.4999998574432172
0.4999998043814508
0.4999997674615843
0.49999979578159404
0.4999998788050577
0.4999998315495018
0.49999987089063136
0.49999985798777236
0.4999998281049421
0.49999983325749947
0.49999980464179683
0.4999998008523094
0.49999984731389296
0.49999985589666607
0.49999985573162437
0.499999848263882
0.49999988571075743
0.4999998194676107
0.49999989675214407
0.4999999115102868
0.49999991924259457
0.49999992919988817
0.49999990327021804
0.49999983220409644
0.4999998701141007
0.4999998849109618
0.4999998772782775
0.49999987864340883
0.4999998536709681
0.4999999076873019
0.49999987224491205
0.4999999196689637
0.4999999462224679
0.49999991733206767
0.49999988854524796
0.49999991353989104
0.4999998714714976
0.49999992242851543
0.49999988826997543
0.4999999630659726
0.4999999138153452
0.49999995997808183
0.4999999428640845
0.4999999381689078
0.4999998957707764
0.5000000071746926
0.4999998719510284
0.49999990979859593
0.49999988231125353
0.4999999264814152
0.4999999147555737
0.49999991657253273
0.49999992995659526
0.4999999277677627
0.49999988426850583
0.4999999137793971
0.49999985152987053
0.49999993704680923
0.499999861543496
0.49999996783171474
0.49999997029098403
0.49999987341233104
0.4999998745070116
0.49999991363082213
0.49999988873863693
0.4999999003465919
0.4999998953457805
0.49999986437202354
0.4999998623445592
0.4999998828904291
0.49999989903328956
0.499999894344164
0.4999999307406446
0.49999991913089004
0.499999905796643
0.49999992450321706
0.49999989905546044
0.4999999062650484
0.49999990242291015
0.49999994148176863
0.4999998542782159
0.49999989716449467
0.49999985493978716
0.49999985690071075
0.4999998626104725
0.4999999274878417
0.4999999036613993
0.4999998880706645
0.4999998535654396
0.4999998145886955
0.499999857215549
0.4999998740892121
0.49999988470985673
0.49999988454989974
0.4999998526511271
0.4999998077544187
0.49999980267675165
0.4999998325846512
0.499999888069932
0.4999997599015366
0.4999997986131891
0.4999998082433693
0.49999974315893797
0.4999997053194991
0.49999986860718576
0.4999997894595983
0.4999998993298055
0.49999993929106734
0.4999999352176236
0.4999998686453339
0.4999999195999863
0.49999995487855053
0.4999999249725871
0.49999986509537675
0.49999992546902444
0.4999998375132166
0.49999983040373697
0.49999990212060497
0.4999998283732757
0.4999998586640931
0.4999998431393324
0.4999998644606012
0.4999997361934697
0.499999427910116
0.49999966406494917
0.4999996626608839
0.49999973451359087
0.4999997950773244
0.4999997606410773
0.4999997261465575
0.4999996303828257
0.4999998070758501
0.4999998702075181
0.4999997617970417
0.4999997854174165
0.4999998041925201
0.4999996813459025
0.4999998578784271
0.49999978270462836
0.49999986740803976
0.49999993952069266
0.49999988260826717
0.4999999725907608
0.49999988264712536
0.4999996368245061
0.4999997670395602
0.49999980394421517
0.49999966296568465
0.4999993878049018
0.4999994335580056
0.49999956682765545
0.4999996415085787
0.49999966406158536
0.49999925472690576
0.49999925467024403
0.49999960680354333
0.49999942184181434
0.49999968701359776
0.4999992909874642
0.49999969841811365
0.499999706965205
0.4999996410964476
0.4999995624267866
0.30416045218213117
0.49999938976443037
0.4999998144849017
0.49999942603772424
0.4999995509920735
0.49999968818683627
0.4999997880001907
0.49999982130266557
0.49999972202612003
0.4999997531227655
0.49999907035784735
0.4999991661312649
0.49999938357202406
0.4999996734523984
0.49999942911206197
0.4999997381864302
0.4999994461722152
0.4999990378240431
0.4999995887845364
0.49999945605218743
0.49999967497430775
0.49999919899310025
0.49999950873757343
0.49999964199040015
0.49999962578417845
0.4999996140686364
0.4999994675214305
0.49999949104174846
0.4999997502468782
0.49999909802584375
0.49999965233302296
0.4999995900375694
0.4999996163489379
0.49999968928085753
0.49999955199638413
0.4999994305303372
0.4999993303017706
0.4999996302760527
0.49999952922345786
0.49999968566510244
0.49999973997242086
