1.0354692935943604
1.0339232683181763
1.044388771057129
1.0413742065429688
1.047793984413147
1.047310471534729
1.058754324913025
1.0657854080200195
1.0586519241333008
1.0720739364624023
1.0768234729766846
1.0644071102142334
1.0802152156829834
1.0818370580673218
1.0960537195205688
1.0996015071868896
1.111109972000122
1.1037887334823608
1.12398362159729
1.1281236410140991
1.1146529912948608
1.1391345262527466
1.1297434568405151
1.1418908834457397
1.177089810371399
1.1564650535583496
1.1556931734085083
1.1755551099777222
1.201644778251648
1.2025001049041748
1.205334186553955
1.2396663427352905
1.2277193069458008
1.255132794380188
1.2859104871749878
1.3150335550308228
1.291053295135498
1.3437926769256592
1.3687114715576172
1.4204574823379517
1.4082362651824951
1.467759370803833
1.4390056133270264
1.5586724281311035
1.5739829540252686
1.719375491142273
1.709285020828247
1.78090238571167
1.7166149616241455
1.7224122285842896
1.7625681161880493
1.8245933055877686
2.0192158222198486
1.825953483581543
2.1560657024383545
2.25370192527771
2.1647589206695557
2.462873935699463
2.4193618297576904
2.3768150806427
2.5817553997039795
2.6214966773986816
2.887932062149048
2.9644408226013184
3.217569351196289
2.9262514114379883
2.936532497406006
3.3728559017181396
2.8999576568603516
3.9888863563537598
3.4365196228027344
3.1691043376922607
4.141010284423828
4.079571723937988
3.8150620460510254
3.5219688415527344
3.734093427658081
3.8841054439544678
3.372938632965088
4.0206780433654785
3.6073968410491943
3.596895456314087
3.4258172512054443
3.2122857570648193
3.7970852851867676
3.5106139183044434
3.277536153793335
3.7059929370880127
3.3253333568573
3.95796799659729
3.4394075870513916
3.6591172218322754
3.239793062210083
2.9763522148132324
3.644456148147583
2.8119261264801025
2.7246458530426025
3.146132230758667
2.4844748973846436
2.5994627475738525
2.3880677223205566
2.2301361560821533
2.181495428085327
1.9747966527938843
2.006193161010742
1.7805522680282593
2.051860809326172
1.5862574577331543
1.693498134613037
1.8218610286712646
1.9422215223312378
1.8116326332092285
2.532351016998291
1.5472761392593384
1.6070003509521484
4.348662376403809
2.9454195499420166
5.2086896896362305
7.253271102905273
6.11752462387085
6.433832168579102
5.310893535614014
5.397590637207031
5.85386323928833
4.196259021759033
4.09500789642334
3.2057948112487793
3.3584022521972656
3.450643539428711
2.628934383392334
2.573309898376465
2.1599767208099365
2.108510971069336
1.7440073490142822
1.8268743753433228
1.5526202917099
1.6388810873031616
1.5909786224365234
1.1366506814956665
1.5190550088882446
1.6178189516067505
1.3966174125671387
1.417036533355713
0.9338368773460388
1.2942543029785156
1.162240743637085
1.1897716522216797
1.1482807397842407
0.7815231084823608
1.079047679901123
1.8133994340896606
2.159193277359009
2.049041748046875
1.9259672164916992
1.6463963985443115
1.320035457611084
0.7383252382278442
0.6165367364883423
1.0715585947036743
1.3250832557678223
1.2277700901031494
1.2192003726959229
1.1476349830627441
1.1390856504440308
1.2398440837860107
1.3286932706832886
1.1751489639282227
1.0812805891036987
0.8809301853179932
1.0781662464141846
0.7203797698020935
0.8312486410140991
0.865520715713501
1.0710899829864502
1.053000569343567
1.131831407546997
1.709166169166565
1.4274154901504517
1.128590703010559
1.0896110534667969
1.794270634651184
1.3331986665725708
1.410035490989685
0.8657879829406738
0.9854049682617188
0.9859068989753723
1.1696715354919434
0.999421238899231
0.9994165897369385
0.9757786989212036
0.8835765719413757
1.0695953369140625
1.15824556350708
0.7196077704429626
0.6459973454475403
1.0827542543411255
0.9923244714736938
1.0789064168930054
1.2227531671524048
1.2068222761154175
1.1058136224746704
1.196108102798462
0.9844841361045837
1.1515463590621948
0.7617273330688477
1.2501555681228638
0.6041296124458313
0.9758307337760925
0.7612411379814148
0.72208571434021
1.152320146560669
0.5758514404296875
0.6583815217018127
0.7763679623603821
0.9672237634658813
0.8704372644424438
0.8333035707473755
0.9036926627159119
0.599776029586792
1.128316879272461
0.9409238696098328
0.7738924026489258
0.769972562789917
0.6318687200546265
1.0150765180587769
0.8627938628196716
1.1456718444824219
0.9641554355621338
0.9244623780250549
0.7176046967506409
0.5113091468811035
0.9951079487800598
0.6686979532241821
0.9047942757606506
0.4889405369758606
0.6506792902946472
0.6310356259346008
0.584721028804779
0.6864684224128723
0.5295690298080444
0.4561934769153595
0.7078117728233337
0.9508145451545715
0.6992880702018738
0.7305631041526794
0.4422686994075775
0.3971947133541107
0.7025178074836731
0.34108400344848633
0.9164262413978577
0.3128754198551178
0.7560727596282959
0.7063065767288208
0.4537968933582306
0.40529295802116394
0.9290063977241516
0.4246131181716919
0.5957958698272705
0.4170443117618561
0.7316290736198425
0.5979809165000916
0.4706161618232727
0.49402767419815063
0.4597286880016327
0.42993003129959106
0.6949064135551453
0.6936641335487366
0.5671835541725159
0.7920566201210022
0.6899821162223816
0.43131473660469055
0.26515111327171326
0.8291796445846558
1.018349289894104
0.7195465564727783
0.7812058329582214
0.3271621763706207
0.45378533005714417
0.13126282393932343
0.9150745272636414
0.35225850343704224
0.6778262257575989
0.2806408703327179
0.6658455729484558
0.44010189175605774
0.4548088312149048
0.6738685965538025
0.7225852608680725
0.48611146211624146
0.4303380250930786
0.4344821572303772
0.6120690107345581
0.34823864698410034
0.6407746076583862
0.4565317630767822
0.6629363298416138
0.46464166045188904
0.3321145474910736
0.36897823214530945
0.3951593041419983
0.6334829330444336
0.8288215398788452
0.5683372020721436
0.6814889311790466
0.8701305985450745
0.5645596385002136
0.24451924860477448
0.2477993667125702
0.5567438006401062
0.3137397766113281
0.35155290365219116
0.4013523459434509
0.8831726312637329
0.23747259378433228
0.25928357243537903
0.6428905129432678
0.48883211612701416
0.4973810017108917
0.6948525309562683
0.47600874304771423
0.34540340304374695
0.5765277743339539
0.6333052515983582
0.5505183935165405
0.17386358976364136
0.45050618052482605
0.43372905254364014
0.10820036381483078
0.5611720085144043
0.7190287113189697
0.554580807685852
0.5453895330429077
0.20488248765468597
0.3063502013683319
0.5723056197166443
0.3015189468860626
0.34215834736824036
0.4241216778755188
0.29456406831741333
0.4809304475784302
0.0376817025244236
0.7334879636764526
0.7892945408821106
0.524304211139679
0.26998355984687805
0.8849198818206787
0.3740977942943573
0.5223513245582581
0.5906234979629517
0.6886829733848572
0.23435941338539124
0.4200447201728821
0.32142892479896545
0.27733683586120605
0.2672390043735504
0.5093657970428467
0.3589237928390503
0.6977177858352661
0.4320346415042877
0.22062793374061584
0.4268612563610077
1.1183727979660034
0.5798422694206238
0.3234959840774536
0.09884995967149734
0.2257128208875656
0.5148892402648926
0.23830604553222656
0.4104524552822113
0.18137389421463013
0.14371776580810547
0.4571487009525299
0.7250038981437683
0.5023190975189209
0.5248165726661682
0.5354424118995667
0.3972560167312622
0.5297279953956604
0.6823542714118958
0.6197824478149414
0.4312293827533722
0.6134702563285828
0.4555228352546692
0.23973484337329865
0.48235732316970825
0.3864858150482178
0.5024113059043884
0.3879026174545288
0.7008596658706665
0.5131177306175232
0.7317216396331787
0.3126088082790375
0.39294713735580444
0.5014442801475525
0.6577669978141785
0.3193308711051941
0.32430094480514526
0.4867146611213684
0.49007999897003174
0.40705606341362
0.2906588912010193
0.5570998787879944
0.1124281957745552
0.5178979635238647
0.5742052793502808
0.4754787087440491
0.6829067468643188
0.4761328101158142
0.2430168241262436
0.31894949078559875
0.5987223982810974
0.1756712794303894
0.5867550373077393
0.27256789803504944
0.388149619102478
0.19900298118591309
0.1749744415283203
0.48362696170806885
0.1542230099439621
0.5015577077865601
0.17652775347232819
0.48818278312683105
0.4282970428466797
0.141804501414299
0.35660481452941895
0.5450248122215271
0.1788986176252365
0.6315940618515015
0.25311046838760376
0.09031989425420761
0.5928356051445007
0.4206857979297638
0.29947200417518616
0.3417368233203888
0.6676940321922302
0.1570993810892105
0.2325827181339264
0.6559408903121948
0.4471680521965027
0.17155493795871735
0.44876959919929504
0.2282361090183258
0.21875983476638794
0.25322225689888
0.6862335801124573
0.6379562616348267
0.20857185125350952
0.15980282425880432
0.6775966286659241
0.6591717600822449
0.33302125334739685
0.6367782950401306
0.28893548250198364
0.3817436397075653
0.5098643898963928
0.400259405374527
0.5450763702392578
0.3647180199623108
0.1919240802526474
0.3752751052379608
0.36431437730789185
0.2849334478378296
0.3134920597076416
0.27981510758399963
0.13330167531967163
0.5223220586776733
0.49907463788986206
0.24238187074661255
0.43213534355163574
0.25347620248794556
0.2604043483734131
0.2373923510313034
0.46998196840286255
0.4620543122291565
0.18532812595367432
0.15148571133613586
0.3402945399284363
0.1496519297361374
0.15164753794670105
0.1771930605173111
0.45473524928092957
0.2709061801433563
0.4282796382904053
0.2565678060054779
0.2385423481464386
0.3041344881057739
0.5771923065185547
0.16846635937690735
0.3225601017475128
0.7676253914833069
0.31103748083114624
0.2685084640979767
0.2979014217853546
0.12400887906551361
0.5437067747116089
0.4889708459377289
0.14175306260585785
0.1451842486858368
0.32283854484558105
0.22102797031402588
0.53627610206604
0.5566202998161316
0.3429606556892395
0.2383253425359726
0.20598797500133514
0.2573971450328827
0.4260343015193939
0.3184852600097656
0.37767142057418823
0.14813874661922455
0.18386909365653992
0.29545751214027405
0.202798992395401
0.32470202445983887
0.24314936995506287
0.21120008826255798
0.3672370910644531
0.26699379086494446
0.1902841329574585
0.22746729850769043
0.2602381706237793
0.5535637140274048
0.6745561361312866
0.3644505441188812
0.13564187288284302
0.5165185332298279
0.4630171060562134
0.25634831190109253
0.482859343290329
0.11244729906320572
0.5635764598846436
0.2802808880805969
0.17750157415866852
0.43974757194519043
0.214013010263443
0.17766276001930237
0.16528810560703278
0.20993417501449585
0.12086232751607895
0.20428085327148438
0.19646309316158295
0.42063620686531067
0.2802310883998871
0.23940768837928772
0.011970678344368935
0.46389299631118774
0.28509169816970825
0.26889050006866455
0.3069753348827362
0.23235240578651428
0.1401059925556183
0.2099524438381195
0.3084140717983246
0.28479358553886414
0.08107573539018631
0.2030031681060791
0.13234460353851318
0.24802029132843018
0.09629599004983902
0.48407435417175293
0.13135816156864166
0.46005502343177795
0.44632503390312195
0.4053444564342499
0.32245072722435
0.017801078036427498
0.13196136057376862
0.3111158013343811
0.20049314200878143
0.21266916394233704
0.10270609706640244
0.2919829487800598
0.42958712577819824
0.19357924163341522
0.6250144839286804
0.1628381311893463
0.27930963039398193
0.49489644169807434
0.012171297334134579
0.010144858621060848
0.5063414573669434
0.25056785345077515
0.016358843073248863
0.36292800307273865
0.01781122200191021
0.01688908413052559
0.22019687294960022
0.24144543707370758
0.343014121055603
0.39140331745147705
0.14823858439922333
0.13100598752498627
0.15583938360214233
0.3292964696884155
0.19543755054473877
0.013874555006623268
0.16141165792942047
0.3522523045539856
0.31314945220947266
0.2485908567905426
0.14517685770988464
0.14184275269508362
0.10771255195140839
0.3444311022758484
0.3113580048084259
0.2106356918811798
0.4310029447078705
0.1912364363670349
0.5488879680633545
0.4735146164894104
0.237587109208107
0.6300157308578491
0.4276220202445984
0.33631768822669983
0.15485356748104095
0.48708298802375793
0.38557925820350647
0.2606058716773987
0.12155014276504517
0.30268946290016174
0.009097503498196602
0.011920761317014694
0.2786499261856079
0.41978582739830017
0.27265438437461853
0.006946821231395006
1.0354692935943604
1.0339232683181763
1.044388771057129
1.0413742065429688
1.047793984413147
1.047310471534729
1.058754324913025
1.0657854080200195
1.0586519241333008
1.0720739364624023
1.0768234729766846
1.0644071102142334
1.0802152156829834
1.0818370580673218
1.0960537195205688
1.0996015071868896
1.111109972000122
1.1037887334823608
1.12398362159729
1.1281236410140991
1.1146529912948608
1.1391345262527466
1.1297434568405151
1.1418908834457397
1.177089810371399
1.1564650535583496
1.1556931734085083
1.1755551099777222
1.201644778251648
1.2025001049041748
1.205334186553955
1.2396663427352905
1.2277193069458008
1.255132794380188
1.2859104871749878
1.3150335550308228
1.291053295135498
1.3437926769256592
1.3687114715576172
1.4204574823379517
1.4082362651824951
1.467759370803833
1.4390056133270264
1.5586724281311035
1.5739829540252686
1.719375491142273
1.709285020828247
1.78090238571167
1.7166149616241455
1.7224122285842896
1.7625681161880493
1.8245933055877686
2.0192158222198486
1.825953483581543
2.1560657024383545
2.25370192527771
2.1647589206695557
2.462873935699463
2.4193618297576904
2.3768150806427
2.5817553997039795
2.6214966773986816
2.887932062149048
2.9644408226013184
3.217569351196289
2.9262514114379883
2.936532497406006
3.3728559017181396
2.8999576568603516
3.9888863563537598
3.4365196228027344
3.1691043376922607
4.141010284423828
4.079571723937988
3.8150620460510254
3.5219688415527344
3.734093427658081
3.8841054439544678
3.372938632965088
4.0206780433654785
3.6073968410491943
3.596895456314087
3.4258172512054443
3.2122857570648193
3.7970852851867676
3.5106139183044434
3.277536153793335
3.7059929370880127
3.3253333568573
3.95796799659729
3.4394075870513916
3.6591172218322754
3.239793062210083
2.9763522148132324
3.644456148147583
2.8119261264801025
2.7246458530426025
3.146132230758667
2.4844748973846436
2.5994627475738525
2.3880677223205566
2.2301361560821533
2.181495428085327
1.9747966527938843
2.006193161010742
1.7805522680282593
2.051860809326172
1.5862574577331543
1.693498134613037
1.8218610286712646
1.9422215223312378
1.8116326332092285
2.532351016998291
1.5472761392593384
1.6070003509521484
4.348662376403809
2.9454195499420166
5.2086896896362305
7.253271102905273
6.11752462387085
6.433832168579102
5.310893535614014
5.397590637207031
5.85386323928833
4.196259021759033
4.09500789642334
3.2057948112487793
3.3584022521972656
3.450643539428711
2.628934383392334
2.573309898376465
2.1599767208099365
2.108510971069336
1.7440073490142822
1.8268743753433228
1.5526202917099
1.6388810873031616
1.5909786224365234
1.1366506814956665
1.5190550088882446
1.6178189516067505
1.3966174125671387
1.417036533355713
0.9338368773460388
1.2942543029785156
1.162240743637085
1.1897716522216797
1.1482807397842407
0.7815231084823608
1.079047679901123
1.8133994340896606
2.159193277359009
2.049041748046875
1.9259672164916992
1.6463963985443115
1.320035457611084
0.7383252382278442
0.6165367364883423
1.0715585947036743
1.3250832557678223
1.2277700901031494
1.2192003726959229
1.1476349830627441
1.1390856504440308
1.2398440837860107
1.3286932706832886
1.1751489639282227
1.0812805891036987
0.8809301853179932
1.0781662464141846
0.7203797698020935
0.8312486410140991
0.865520715713501
1.0710899829864502
1.053000569343567
1.131831407546997
1.709166169166565
1.4274154901504517
1.128590703010559
1.0896110534667969
1.794270634651184
1.3331986665725708
1.410035490989685
0.8657879829406738
0.9854049682617188
0.9859068989753723
1.1696715354919434
0.999421238899231
0.9994165897369385
0.9757786989212036
0.8835765719413757
1.0695953369140625
1.15824556350708
0.7196077704429626
0.6459973454475403
1.0827542543411255
0.9923244714736938
1.0789064168930054
1.2227531671524048
1.2068222761154175
1.1058136224746704
1.196108102798462
0.9844841361045837
1.1515463590621948
0.7617273330688477
1.2501555681228638
0.6041296124458313
0.9758307337760925
0.7612411379814148
0.72208571434021
1.152320146560669
0.5758514404296875
0.6583815217018127
0.7763679623603821
0.9672237634658813
0.8704372644424438
0.8333035707473755
0.9036926627159119
0.599776029586792
1.128316879272461
0.9409238696098328
0.7738924026489258
0.769972562789917
0.6318687200546265
1.0150765180587769
0.8627938628196716
1.1456718444824219
0.9641554355621338
0.9244623780250549
0.7176046967506409
0.5113091468811035
0.9951079487800598
0.6686979532241821
0.9047942757606506
0.4889405369758606
0.6506792902946472
0.6310356259346008
0.584721028804779
0.6864684224128723
0.5295690298080444
0.4561934769153595
0.7078117728233337
0.9508145451545715
0.6992880702018738
0.7305631041526794
0.4422686994075775
0.3971947133541107
0.7025178074836731
0.34108400344848633
0.9164262413978577
0.3128754198551178
0.7560727596282959
0.7063065767288208
0.4537968933582306
0.40529295802116394
0.9290063977241516
0.4246131181716919
0.5957958698272705
0.4170443117618561
0.7316290736198425
0.5979809165000916
0.4706161618232727
0.49402767419815063
0.4597286880016327
0.42993003129959106
0.6949064135551453
0.6936641335487366
0.5671835541725159
0.7920566201210022
0.6899821162223816
0.43131473660469055
0.26515111327171326
0.8291796445846558
1.018349289894104
0.7195465564727783
0.7812058329582214
0.3271621763706207
0.45378533005714417
0.13126282393932343
0.9150745272636414
0.35225850343704224
0.6778262257575989
0.2806408703327179
0.6658455729484558
0.44010189175605774
0.4548088312149048
0.6738685965538025
0.7225852608680725
0.48611146211624146
0.4303380250930786
0.4344821572303772
0.6120690107345581
0.34823864698410034
0.6407746076583862
0.4565317630767822
0.6629363298416138
0.46464166045188904
0.3321145474910736
0.36897823214530945
0.3951593041419983
0.6334829330444336
0.8288215398788452
0.5683372020721436
0.6814889311790466
0.8701305985450745
0.5645596385002136
0.24451924860477448
0.2477993667125702
0.5567438006401062
0.3137397766113281
0.35155290365219116
0.4013523459434509
0.8831726312637329
0.23747259378433228
0.25928357243537903
0.6428905129432678
0.48883211612701416
0.4973810017108917
0.6948525309562683
0.47600874304771423
0.34540340304374695
0.5765277743339539
0.6333052515983582
0.5505183935165405
0.17386358976364136
0.45050618052482605
0.43372905254364014
0.10820036381483078
0.5611720085144043
0.7190287113189697
0.554580807685852
0.5453895330429077
0.20488248765468597
0.3063502013683319
0.5723056197166443
0.3015189468860626
0.34215834736824036
0.4241216778755188
0.29456406831741333
0.4809304475784302
0.0376817025244236
0.7334879636764526
0.7892945408821106
0.524304211139679
0.26998355984687805
0.8849198818206787
0.3740977942943573
0.5223513245582581
0.5906234979629517
0.6886829733848572
0.23435941338539124
0.4200447201728821
0.32142892479896545
0.27733683586120605
0.2672390043735504
0.5093657970428467
0.3589237928390503
0.6977177858352661
0.4320346415042877
0.22062793374061584
0.4268612563610077
1.1183727979660034
0.5798422694206238
0.3234959840774536
0.09884995967149734
0.2257128208875656
0.5148892402648926
0.23830604553222656
0.4104524552822113
0.18137389421463013
0.14371776580810547
0.4571487009525299
0.7250038981437683
0.5023190975189209
0.5248165726661682
0.5354424118995667
0.3972560167312622
0.5297279953956604
0.6823542714118958
0.6197824478149414
0.4312293827533722
0.6134702563285828
0.4555228352546692
0.23973484337329865
0.48235732316970825
0.3864858150482178
0.5024113059043884
0.3879026174545288
0.7008596658706665
0.5131177306175232
0.7317216396331787
0.3126088082790375
0.39294713735580444
0.5014442801475525
0.6577669978141785
0.3193308711051941
0.32430094480514526
0.4867146611213684
0.49007999897003174
0.40705606341362
0.2906588912010193
0.5570998787879944
0.1124281957745552
0.5178979635238647
0.5742052793502808
0.4754787087440491
0.6829067468643188
0.4761328101158142
0.2430168241262436
0.31894949078559875
0.5987223982810974
0.1756712794303894
0.5867550373077393
0.27256789803504944
0.388149619102478
0.19900298118591309
0.1749744415283203
0.48362696170806885
0.1542230099439621
0.5015577077865601
0.17652775347232819
0.48818278312683105
0.4282970428466797
0.141804501414299
0.35660481452941895
0.5450248122215271
0.1788986176252365
0.6315940618515015
0.25311046838760376
0.09031989425420761
0.5928356051445007
0.4206857979297638
0.29947200417518616
0.3417368233203888
0.6676940321922302
0.1570993810892105
0.2325827181339264
0.6559408903121948
0.4471680521965027
0.17155493795871735
0.44876959919929504
0.2282361090183258
0.21875983476638794
0.25322225689888
0.6862335801124573
0.6379562616348267
0.20857185125350952
0.15980282425880432
0.6775966286659241
0.6591717600822449
0.33302125334739685
0.6367782950401306
0.28893548250198364
0.3817436397075653
0.5098643898963928
0.400259405374527
0.5450763702392578
0.3647180199623108
0.1919240802526474
0.3752751052379608
0.36431437730789185
0.2849334478378296
0.3134920597076416
0.27981510758399963
0.13330167531967163
0.5223220586776733
0.49907463788986206
0.24238187074661255
0.43213534355163574
0.25347620248794556
0.2604043483734131
0.2373923510313034
0.46998196840286255
0.4620543122291565
0.18532812595367432
0.15148571133613586
0.3402945399284363
0.1496519297361374
0.15164753794670105
0.1771930605173111
0.45473524928092957
0.2709061801433563
0.4282796382904053
0.2565678060054779
0.2385423481464386
0.3041344881057739
0.5771923065185547
0.16846635937690735
0.3225601017475128
0.7676253914833069
0.31103748083114624
0.2685084640979767
0.2979014217853546
0.12400887906551361
0.5437067747116089
0.4889708459377289
0.14175306260585785
0.1451842486858368
0.32283854484558105
0.22102797031402588
0.53627610206604
0.5566202998161316
0.3429606556892395
0.2383253425359726
0.20598797500133514
0.2573971450328827
0.4260343015193939
0.3184852600097656
0.37767142057418823
0.14813874661922455
0.18386909365653992
0.29545751214027405
0.202798992395401
0.32470202445983887
0.24314936995506287
0.21120008826255798
0.3672370910644531
0.26699379086494446
0.1902841329574585
0.22746729850769043
0.2602381706237793
0.5535637140274048
0.6745561361312866
0.3644505441188812
0.13564187288284302
0.5165185332298279
0.4630171060562134
0.25634831190109253
0.482859343290329
0.11244729906320572
0.5635764598846436
0.2802808880805969
0.17750157415866852
0.43974757194519043
0.214013010263443
0.17766276001930237
0.16528810560703278
0.20993417501449585
0.12086232751607895
0.20428085327148438
0.19646309316158295
0.42063620686531067
0.2802310883998871
0.23940768837928772
0.011970678344368935
0.46389299631118774
0.28509169816970825
0.26889050006866455
0.3069753348827362
0.23235240578651428
0.1401059925556183
0.2099524438381195
0.3084140717983246
0.28479358553886414
0.08107573539018631
0.2030031681060791
0.13234460353851318
0.24802029132843018
0.09629599004983902
0.48407435417175293
0.13135816156864166
0.46005502343177795
0.44632503390312195
0.4053444564342499
0.32245072722435
0.017801078036427498
0.13196136057376862
0.3111158013343811
0.20049314200878143
0.21266916394233704
0.10270609706640244
0.2919829487800598
0.42958712577819824
0.19357924163341522
0.6250144839286804
0.1628381311893463
0.27930963039398193
0.49489644169807434
0.012171297334134579
0.010144858621060848
0.5063414573669434
0.25056785345077515
0.016358843073248863
0.36292800307273865
0.01781122200191021
0.01688908413052559
0.22019687294960022
0.24144543707370758
0.343014121055603
0.39140331745147705
0.14823858439922333
0.13100598752498627
0.15583938360214233
0.3292964696884155
0.19543755054473877
0.013874555006623268
0.16141165792942047
0.3522523045539856
0.31314945220947266
0.2485908567905426
0.14517685770988464
0.14184275269508362
0.10771255195140839
0.3444311022758484
0.3113580048084259
0.2106356918811798
0.4310029447078705
0.1912364363670349
0.5488879680633545
0.4735146164894104
0.237587109208107
0.6300157308578491
0.4276220202445984
0.33631768822669983
0.15485356748104095
0.48708298802375793
0.38557925820350647
0.2606058716773987
0.12155014276504517
0.30268946290016174
0.009097503498196602
0.011920761317014694
0.2786499261856079
0.41978582739830017
0.27265438437461853
0.006946821231395006
1.0354692935943604
1.0339232683181763
1.044388771057129
1.0413742065429688
1.047793984413147
1.047310471534729
1.058754324913025
1.0657854080200195
1.0586519241333008
1.0720739364624023
1.0768234729766846
1.0644071102142334
1.0802152156829834
1.0818370580673218
1.0960537195205688
1.0996015071868896
1.111109972000122
1.1037887334823608
1.12398362159729
1.1281236410140991
1.1146529912948608
1.1391345262527466
1.1297434568405151
1.1418908834457397
1.177089810371399
1.1564650535583496
1.1556931734085083
1.1755551099777222
1.201644778251648
1.2025001049041748
1.205334186553955
1.2396663427352905
1.2277193069458008
1.255132794380188
1.2859104871749878
1.3150335550308228
1.291053295135498
1.3437926769256592
1.3687114715576172
1.4204574823379517
1.4082362651824951
1.467759370803833
1.4390056133270264
1.5586724281311035
1.5739829540252686
1.719375491142273
1.709285020828247
1.78090238571167
1.7166149616241455
1.7224122285842896
1.7625681161880493
1.8245933055877686
2.0192158222198486
1.825953483581543
2.1560657024383545
2.25370192527771
2.1647589206695557
2.462873935699463
2.4193618297576904
2.3768150806427
2.5817553997039795
2.6214966773986816
2.887932062149048
2.9644408226013184
3.217569351196289
2.9262514114379883
2.936532497406006
3.3728559017181396
2.8999576568603516
3.9888863563537598
3.4365196228027344
3.1691043376922607
4.141010284423828
4.079571723937988
3.8150620460510254
3.5219688415527344
3.734093427658081
3.8841054439544678
3.372938632965088
4.0206780433654785
3.6073968410491943
3.596895456314087
3.4258172512054443
3.2122857570648193
3.7970852851867676
3.5106139183044434
3.277536153793335
3.7059929370880127
3.3253333568573
3.95796799659729
3.4394075870513916
3.6591172218322754
3.239793062210083
2.9763522148132324
3.644456148147583
2.8119261264801025
2.7246458530426025
3.146132230758667
2.4844748973846436
2.5994627475738525
2.3880677223205566
2.2301361560821533
2.181495428085327
1.9747966527938843
2.006193161010742
1.7805522680282593
2.051860809326172
1.5862574577331543
1.693498134613037
1.8218610286712646
1.9422215223312378
1.8116326332092285
2.532351016998291
1.5472761392593384
1.6070003509521484
4.348662376403809
2.9454195499420166
5.2086896896362305
7.253271102905273
6.11752462387085
6.433832168579102
5.310893535614014
5.397590637207031
5.85386323928833
4.196259021759033
4.09500789642334
3.2057948112487793
3.3584022521972656
3.450643539428711
2.628934383392334
2.573309898376465
2.1599767208099365
2.108510971069336
1.7440073490142822
1.8268743753433228
1.5526202917099
1.6388810873031616
1.5909786224365234
1.1366506814956665
1.5190550088882446
1.6178189516067505
1.3966174125671387
1.417036533355713
0.9338368773460388
1.2942543029785156
1.162240743637085
1.1897716522216797
1.1482807397842407
0.7815231084823608
1.079047679901123
1.8133994340896606
2.159193277359009
2.049041748046875
1.9259672164916992
1.6463963985443115
1.320035457611084
0.7383252382278442
0.6165367364883423
1.0715585947036743
1.3250832557678223
1.2277700901031494
1.2192003726959229
1.1476349830627441
1.1390856504440308
1.2398440837860107
1.3286932706832886
1.1751489639282227
1.0812805891036987
0.8809301853179932
1.0781662464141846
0.7203797698020935
0.8312486410140991
0.865520715713501
1.0710899829864502
1.053000569343567
1.131831407546997
1.709166169166565
1.4274154901504517
1.128590703010559
1.0896110534667969
1.794270634651184
1.3331986665725708
1.410035490989685
0.8657879829406738
0.9854049682617188
0.9859068989753723
1.1696715354919434
0.999421238899231
0.9994165897369385
0.9757786989212036
0.8835765719413757
1.0695953369140625
1.15824556350708
0.7196077704429626
0.6459973454475403
1.0827542543411255
0.9923244714736938
1.0789064168930054
1.2227531671524048
1.2068222761154175
1.1058136224746704
1.196108102798462
0.9844841361045837
1.1515463590621948
0.7617273330688477
1.2501555681228638
0.6041296124458313
0.9758307337760925
0.7612411379814148
0.72208571434021
1.152320146560669
0.5758514404296875
0.6583815217018127
0.7763679623603821
0.7996158599853516
1.0354692935943604
1.0339232683181763
1.044388771057129
1.0413742065429688
1.047793984413147
1.047310471534729
1.058754324913025
1.0657854080200195
1.0586519241333008
1.0720739364624023
1.0768234729766846
1.0644071102142334
1.0802152156829834
1.0818370580673218
1.0960537195205688
1.0996015071868896
1.111109972000122
1.1037887334823608
1.12398362159729
1.1281236410140991
1.1146529912948608
1.1391345262527466
1.1297434568405151
1.1418908834457397
1.177089810371399
1.1564650535583496
1.1556931734085083
1.1755551099777222
1.201644778251648
1.2025001049041748
1.205334186553955
1.2396663427352905
1.2277193069458008
1.255132794380188
1.2859104871749878
1.3150335550308228
1.291053295135498
1.3437926769256592
1.3687114715576172
1.4204574823379517
1.4082362651824951
1.467759370803833
1.4390056133270264
1.5586724281311035
1.5739829540252686
1.719375491142273
1.709285020828247
1.78090238571167
1.7166149616241455
1.7224122285842896
1.7625681161880493
1.8245933055877686
2.0192158222198486
1.825953483581543
2.1560657024383545
2.25370192527771
2.1647589206695557
2.462873935699463
2.4193618297576904
2.3768150806427
2.5817553997039795
2.6214966773986816
2.887932062149048
2.9644408226013184
3.217569351196289
2.9262514114379883
2.936532497406006
3.3728559017181396
2.8999576568603516
3.9888863563537598
3.4365196228027344
3.1691043376922607
4.141010284423828
4.079571723937988
3.8150620460510254
3.5219688415527344
3.734093427658081
3.8841054439544678
3.372938632965088
4.0206780433654785
3.6073968410491943
3.596895456314087
3.4258172512054443
3.2122857570648193
3.7970852851867676
3.5106139183044434
3.277536153793335
3.7059929370880127
3.3253333568573
3.95796799659729
3.4394075870513916
3.6591172218322754
3.239793062210083
2.9763522148132324
3.644456148147583
2.8119261264801025
2.7246458530426025
3.146132230758667
2.4844748973846436
2.5994627475738525
2.3880677223205566
2.2301361560821533
2.181495428085327
1.9747966527938843
2.006193161010742
1.7805522680282593
2.051860809326172
1.5862574577331543
1.693498134613037
1.8218610286712646
1.9422215223312378
1.8116326332092285
2.532351016998291
1.5472761392593384
1.6070003509521484
4.348662376403809
2.9454195499420166
5.2086896896362305
7.253271102905273
6.11752462387085
6.433832168579102
5.310893535614014
5.397590637207031
5.85386323928833
4.196259021759033
4.09500789642334
3.2057948112487793
3.3584022521972656
3.450643539428711
2.628934383392334
2.573309898376465
2.1599767208099365
2.108510971069336
1.7440073490142822
1.8268743753433228
1.5526202917099
1.6388810873031616
1.5909786224365234
1.1366506814956665
1.5190550088882446
1.6178189516067505
1.3966174125671387
1.417036533355713
0.9338368773460388
1.2942543029785156
1.162240743637085
1.1897716522216797
1.1482807397842407
0.7815231084823608
1.079047679901123
1.8133994340896606
2.159193277359009
2.049041748046875
1.9259672164916992
1.6463963985443115
1.320035457611084
0.7383252382278442
0.6165367364883423
1.0715585947036743
1.3250832557678223
1.2277700901031494
1.2192003726959229
1.1476349830627441
1.1390856504440308
1.2398440837860107
1.3286932706832886
1.1751489639282227
1.0812805891036987
0.8809301853179932
1.0781662464141846
0.7203797698020935
0.8312486410140991
0.865520715713501
1.0710899829864502
1.053000569343567
1.131831407546997
1.709166169166565
1.4274154901504517
1.128590703010559
1.0896110534667969
1.794270634651184
1.3331986665725708
1.410035490989685
0.8657879829406738
0.9854049682617188
0.9859068989753723
1.1696715354919434
0.999421238899231
0.9994165897369385
0.9757786989212036
0.8835765719413757
1.0695953369140625
1.15824556350708
0.7196077704429626
0.6459973454475403
1.0827542543411255
0.9923244714736938
1.0789064168930054
1.2227531671524048
1.2068222761154175
1.1058136224746704
1.196108102798462
0.9844841361045837
1.1515463590621948
0.7617273330688477
1.2501555681228638
0.6041296124458313
0.9758307337760925
0.7612411379814148
0.72208571434021
1.152320146560669
0.5758514404296875
0.6583815217018127
0.7763679623603821
0.7996158599853516
